frame,timestamp,confidence,gaze_0_x,gaze_0_y,gaze_0_z,gaze_1_x,gaze_1_y,gaze_1_z,gaze_angle_x,gaze_angle_y,eye_lmk_x_0,eye_lmk_x_1,eye_lmk_x_2,eye_lmk_x_3,eye_lmk_x_4,eye_lmk_x_5,eye_lmk_x_6,eye_lmk_x_7,eye_lmk_x_8,eye_lmk_x_9,eye_lmk_x_10,eye_lmk_x_11,eye_lmk_x_12,eye_lmk_x_13,eye_lmk_x_14,eye_lmk_x_15,eye_lmk_x_16,eye_lmk_x_17,eye_lmk_x_18,eye_lmk_x_19,eye_lmk_x_20,eye_lmk_x_21,eye_lmk_x_22,eye_lmk_x_23,eye_lmk_x_24,eye_lmk_x_25,eye_lmk_x_26,eye_lmk_x_27,eye_lmk_x_28,eye_lmk_x_29,eye_lmk_x_30,eye_lmk_x_31,eye_lmk_x_32,eye_lmk_x_33,eye_lmk_x_34,eye_lmk_x_35,eye_lmk_x_36,eye_lmk_x_37,eye_lmk_x_38,eye_lmk_x_39,eye_lmk_x_40,eye_lmk_x_41,eye_lmk_x_42,eye_lmk_x_43,eye_lmk_x_44,eye_lmk_x_45,eye_lmk_x_46,eye_lmk_x_47,eye_lmk_x_48,eye_lmk_x_49,eye_lmk_x_50,eye_lmk_x_51,eye_lmk_x_52,eye_lmk_x_53,eye_lmk_x_54,eye_lmk_x_55,eye_lmk_y_0,eye_lmk_y_1,eye_lmk_y_2,eye_lmk_y_3,eye_lmk_y_4,eye_lmk_y_5,eye_lmk_y_6,eye_lmk_y_7,eye_lmk_y_8,eye_lmk_y_9,eye_lmk_y_10,eye_lmk_y_11,eye_lmk_y_12,eye_lmk_y_13,eye_lmk_y_14,eye_lmk_y_15,eye_lmk_y_16,eye_lmk_y_17,eye_lmk_y_18,eye_lmk_y_19,eye_lmk_y_20,eye_lmk_y_21,eye_lmk_y_22,eye_lmk_y_23,eye_lmk_y_24,eye_lmk_y_25,eye_lmk_y_26,eye_lmk_y_27,eye_lmk_y_28,eye_lmk_y_29,eye_lmk_y_30,eye_lmk_y_31,eye_lmk_y_32,eye_lmk_y_33,eye_lmk_y_34,eye_lmk_y_35,eye_lmk_y_36,eye_lmk_y_37,eye_lmk_y_38,eye_lmk_y_39,eye_lmk_y_40,eye_lmk_y_41,eye_lmk_y_42,eye_lmk_y_43,eye_lmk_y_44,eye_lmk_y_45,eye_lmk_y_46,eye_lmk_y_47,eye_lmk_y_48,eye_lmk_y_49,eye_lmk_y_50,eye_lmk_y_51,eye_lmk_y_52,eye_lmk_y_53,eye_lmk_y_54,eye_lmk_y_55,eye_lmk_X_0,eye_lmk_X_1,eye_lmk_X_2,eye_lmk_X_3,eye_lmk_X_4,eye_lmk_X_5,eye_lmk_X_6,eye_lmk_X_7,eye_lmk_X_8,eye_lmk_X_9,eye_lmk_X_10,eye_lmk_X_11,eye_lmk_X_12,eye_lmk_X_13,eye_lmk_X_14,eye_lmk_X_15,eye_lmk_X_16,eye_lmk_X_17,eye_lmk_X_18,eye_lmk_X_19,eye_lmk_X_20,eye_lmk_X_21,eye_lmk_X_22,eye_lmk_X_23,eye_lmk_X_24,eye_lmk_X_25,eye_lmk_X_26,eye_lmk_X_27,eye_lmk_X_28,eye_lmk_X_29,eye_lmk_X_30,eye_lmk_X_31,eye_lmk_X_32,eye_lmk_X_33,eye_lmk_X_34,eye_lmk_X_35,eye_lmk_X_36,eye_lmk_X_37,eye_lmk_X_38,eye_lmk_X_39,eye_lmk_X_40,eye_lmk_X_41,eye_lmk_X_42,eye_lmk_X_43,eye_lmk_X_44,eye_lmk_X_45,eye_lmk_X_46,eye_lmk_X_47,eye_lmk_X_48,eye_lmk_X_49,eye_lmk_X_50,eye_lmk_X_51,eye_lmk_X_52,eye_lmk_X_53,eye_lmk_X_54,eye_lmk_X_55,eye_lmk_Y_0,eye_lmk_Y_1,eye_lmk_Y_2,eye_lmk_Y_3,eye_lmk_Y_4,eye_lmk_Y_5,eye_lmk_Y_6,eye_lmk_Y_7,eye_lmk_Y_8,eye_lmk_Y_9,eye_lmk_Y_10,eye_lmk_Y_11,eye_lmk_Y_12,eye_lmk_Y_13,eye_lmk_Y_14,eye_lmk_Y_15,eye_lmk_Y_16,eye_lmk_Y_17,eye_lmk_Y_18,eye_lmk_Y_19,eye_lmk_Y_20,eye_lmk_Y_21,eye_lmk_Y_22,eye_lmk_Y_23,eye_lmk_Y_24,eye_lmk_Y_25,eye_lmk_Y_26,eye_lmk_Y_27,eye_lmk_Y_28,eye_lmk_Y_29,eye_lmk_Y_30,eye_lmk_Y_31,eye_lmk_Y_32,eye_lmk_Y_33,eye_lmk_Y_34,eye_lmk_Y_35,eye_lmk_Y_36,eye_lmk_Y_37,eye_lmk_Y_38,eye_lmk_Y_39,eye_lmk_Y_40,eye_lmk_Y_41,eye_lmk_Y_42,eye_lmk_Y_43,eye_lmk_Y_44,eye_lmk_Y_45,eye_lmk_Y_46,eye_lmk_Y_47,eye_lmk_Y_48,eye_lmk_Y_49,eye_lmk_Y_50,eye_lmk_Y_51,eye_lmk_Y_52,eye_lmk_Y_53,eye_lmk_Y_54,eye_lmk_Y_55,eye_lmk_Z_0,eye_lmk_Z_1,eye_lmk_Z_2,eye_lmk_Z_3,eye_lmk_Z_4,eye_lmk_Z_5,eye_lmk_Z_6,eye_lmk_Z_7,eye_lmk_Z_8,eye_lmk_Z_9,eye_lmk_Z_10,eye_lmk_Z_11,eye_lmk_Z_12,eye_lmk_Z_13,eye_lmk_Z_14,eye_lmk_Z_15,eye_lmk_Z_16,eye_lmk_Z_17,eye_lmk_Z_18,eye_lmk_Z_19,eye_lmk_Z_20,eye_lmk_Z_21,eye_lmk_Z_22,eye_lmk_Z_23,eye_lmk_Z_24,eye_lmk_Z_25,eye_lmk_Z_26,eye_lmk_Z_27,eye_lmk_Z_28,eye_lmk_Z_29,eye_lmk_Z_30,eye_lmk_Z_31,eye_lmk_Z_32,eye_lmk_Z_33,eye_lmk_Z_34,eye_lmk_Z_35,eye_lmk_Z_36,eye_lmk_Z_37,eye_lmk_Z_38,eye_lmk_Z_39,eye_lmk_Z_40,eye_lmk_Z_41,eye_lmk_Z_42,eye_lmk_Z_43,eye_lmk_Z_44,eye_lmk_Z_45,eye_lmk_Z_46,eye_lmk_Z_47,eye_lmk_Z_48,eye_lmk_Z_49,eye_lmk_Z_50,eye_lmk_Z_51,eye_lmk_Z_52,eye_lmk_Z_53,eye_lmk_Z_54,eye_lmk_Z_55,pose_Tx,pose_Ty,pose_Tz,pose_Rx,pose_Ry,pose_Rz,x_0,x_1,x_2,x_3,x_4,x_5,x_6,x_7,x_8,x_9,x_10,x_11,x_12,x_13,x_14,x_15,x_16,x_17,x_18,x_19,x_20,x_21,x_22,x_23,x_24,x_25,x_26,x_27,x_28,x_29,x_30,x_31,x_32,x_33,x_34,x_35,x_36,x_37,x_38,x_39,x_40,x_41,x_42,x_43,x_44,x_45,x_46,x_47,x_48,x_49,x_50,x_51,x_52,x_53,x_54,x_55,x_56,x_57,x_58,x_59,x_60,x_61,x_62,x_63,x_64,x_65,x_66,x_67,y_0,y_1,y_2,y_3,y_4,y_5,y_6,y_7,y_8,y_9,y_10,y_11,y_12,y_13,y_14,y_15,y_16,y_17,y_18,y_19,y_20,y_21,y_22,y_23,y_24,y_25,y_26,y_27,y_28,y_29,y_30,y_31,y_32,y_33,y_34,y_35,y_36,y_37,y_38,y_39,y_40,y_41,y_42,y_43,y_44,y_45,y_46,y_47,y_48,y_49,y_50,y_51,y_52,y_53,y_54,y_55,y_56,y_57,y_58,y_59,y_60,y_61,y_62,y_63,y_64,y_65,y_66,y_67,X_0,X_1,X_2,X_3,X_4,X_5,X_6,X_7,X_8,X_9,X_10,X_11,X_12,X_13,X_14,X_15,X_16,X_17,X_18,X_19,X_20,X_21,X_22,X_23,X_24,X_25,X_26,X_27,X_28,X_29,X_30,X_31,X_32,X_33,X_34,X_35,X_36,X_37,X_38,X_39,X_40,X_41,X_42,X_43,X_44,X_45,X_46,X_47,X_48,X_49,X_50,X_51,X_52,X_53,X_54,X_55,X_56,X_57,X_58,X_59,X_60,X_61,X_62,X_63,X_64,X_65,X_66,X_67,Y_0,Y_1,Y_2,Y_3,Y_4,Y_5,Y_6,Y_7,Y_8,Y_9,Y_10,Y_11,Y_12,Y_13,Y_14,Y_15,Y_16,Y_17,Y_18,Y_19,Y_20,Y_21,Y_22,Y_23,Y_24,Y_25,Y_26,Y_27,Y_28,Y_29,Y_30,Y_31,Y_32,Y_33,Y_34,Y_35,Y_36,Y_37,Y_38,Y_39,Y_40,Y_41,Y_42,Y_43,Y_44,Y_45,Y_46,Y_47,Y_48,Y_49,Y_50,Y_51,Y_52,Y_53,Y_54,Y_55,Y_56,Y_57,Y_58,Y_59,Y_60,Y_61,Y_62,Y_63,Y_64,Y_65,Y_66,Y_67,Z_0,Z_1,Z_2,Z_3,Z_4,Z_5,Z_6,Z_7,Z_8,Z_9,Z_10,Z_11,Z_12,Z_13,Z_14,Z_15,Z_16,Z_17,Z_18,Z_19,Z_20,Z_21,Z_22,Z_23,Z_24,Z_25,Z_26,Z_27,Z_28,Z_29,Z_30,Z_31,Z_32,Z_33,Z_34,Z_35,Z_36,Z_37,Z_38,Z_39,Z_40,Z_41,Z_42,Z_43,Z_44,Z_45,Z_46,Z_47,Z_48,Z_49,Z_50,Z_51,Z_52,Z_53,Z_54,Z_55,Z_56,Z_57,Z_58,Z_59,Z_60,Z_61,Z_62,Z_63,Z_64,Z_65,Z_66,Z_67,p_scale,p_rx,p_ry,p_rz,p_tx,p_ty,p_0,p_1,p_2,p_3,p_4,p_5,p_6,p_7,p_8,p_9,p_10,p_11,p_12,p_13,p_14,p_15,p_16,p_17,p_18,p_19,p_20,p_21,p_22,p_23,p_24,p_25,p_26,p_27,p_28,p_29,p_30,p_31,p_32,p_33,AU01_r,AU02_r,AU04_r,AU05_r,AU06_r,AU07_r,AU09_r,AU10_r,AU12_r,AU14_r,AU15_r,AU17_r,AU20_r,AU23_r,AU25_r,AU26_r,AU45_r,AU01_c,AU02_c,AU04_c,AU05_c,AU06_c,AU07_c,AU09_c,AU10_c,AU12_c,AU14_c,AU15_c,AU17_c,AU20_c,AU23_c,AU25_c,AU26_c,AU28_c,AU45_c
1,0.0,0.98,-0.051401,0.20054,-0.9783360000000001,-0.262567,0.22065500000000002,-0.9393450000000001,-0.162,0.21600000000000003,514.9,519.2,530.4,541.9,547.0,543.8,531.6,520.0,504.2,508.4,516.0,526.9,539.6,550.4,558.6,550.4,539.0,526.9,516.6,509.0,526.8,532.0,537.0,538.9,536.6,531.4,526.4,524.5,661.2,666.1,678.1,690.3,695.4,690.6,678.5,665.5,653.2,661.6,672.3,684.0,694.8,704.0,711.2,704.5,695.3,684.2,672.3,661.2,672.5,678.3,684.0,686.3,683.9,678.1,672.4,670.1,323.2,311.1,305.9,310.8,322.8,335.6,340.0,335.1,326.1,321.2,318.1,316.3,317.7,321.6,327.6,330.0,330.9,331.5,331.0,329.2,328.3,330.5,328.2,322.8,317.4,315.2,317.5,322.9,325.0,313.8,309.2,313.9,325.2,336.4,341.0,337.4,327.8,323.1,320.1,319.5,321.4,325.3,330.1,332.3,332.7,332.3,331.6,330.9,331.4,333.7,331.5,326.2,320.8,318.5,320.7,326.0,-46.0,-44.4,-40.3,-36.0,-34.1,-35.3,-39.9,-44.1,-50.2,-48.6,-45.6,-41.5,-36.8,-32.9,-29.9,-32.9,-37.1,-41.5,-45.4,-48.4,-41.6,-39.7,-37.9,-37.2,-38.0,-39.9,-41.8,-42.5,7.9,9.7,14.2,18.7,20.6,18.7,14.3,9.4,4.9,8.0,12.0,16.3,20.3,23.8,26.5,24.0,20.5,16.3,11.9,7.8,12.1,14.2,16.3,17.2,16.3,14.2,12.0,11.2,-13.6,-18.0,-19.9,-18.1,-13.7,-8.9,-7.4,-9.1,-12.6,-14.3,-15.4,-16.0,-15.5,-14.1,-11.9,-11.0,-10.7,-10.5,-10.7,-11.4,-11.7,-10.9,-11.7,-13.7,-15.6,-16.5,-15.6,-13.6,-13.0,-17.2,-18.9,-17.1,-12.9,-8.7,-7.0,-8.4,-12.0,-13.7,-14.8,-15.0,-14.3,-12.9,-11.1,-10.3,-10.1,-10.2,-10.5,-10.8,-10.6,-9.8,-10.6,-12.6,-14.6,-15.4,-14.6,-12.6,1104.0,1103.2,1101.7,1100.4,1100.1,1101.2,1102.5,1103.7,1110.2,1107.1,1103.5,1101.0,1100.1,1100.3,1101.3,1100.7,1100.5,1101.5,1104.0,1107.3,1103.6,1103.1,1102.4,1102.0,1102.1,1102.7,1103.4,1103.8,1111.9,1113.8,1114.8,1114.2,1112.5,1110.6,1109.7,1110.3,1112.6,1111.8,1111.3,1111.5,1112.6,1114.8,1117.0,1113.8,1110.9,1109.2,1109.3,1110.7,1112.1,1111.8,1112.3,1113.2,1114.0,1114.2,1113.8,1112.9,-13.5,23.3,1230.4,0.051,0.18100000000000002,0.008,459.8,462.0,467.8,474.9,487.4,509.1,533.8,563.9,604.5,648.4,691.5,729.4,759.7,778.6,788.4,795.3,800.1,469.5,487.4,512.9,540.4,567.1,631.5,666.4,698.4,730.1,754.6,601.2,599.2,597.0,595.2,562.2,579.7,598.3,619.7,639.3,501.4,518.6,539.4,558.7,538.2,517.8,651.6,672.4,693.9,713.6,694.3,673.1,534.5,555.3,579.1,598.1,620.7,650.8,681.5,650.6,620.3,596.1,575.9,553.7,544.3,579.2,598.8,621.7,669.9,620.2,597.0,577.6,322.1,368.3,414.3,458.8,501.3,540.8,574.9,602.1,611.7,607.6,587.8,558.7,521.9,477.2,428.4,379.7,331.5,293.6,272.9,265.0,266.6,274.1,275.1,268.4,268.2,276.0,295.0,316.8,346.3,375.7,406.3,425.7,432.6,438.8,432.5,426.3,326.3,318.1,317.8,327.0,331.3,332.1,328.1,319.0,320.5,328.4,333.5,332.7,486.3,472.4,466.6,471.5,467.6,474.5,487.6,506.3,514.0,515.7,513.5,505.6,487.9,482.7,485.0,483.3,488.6,490.4,492.4,490.2,-77.9,-76.9,-74.5,-71.3,-65.7,-56.0,-45.0,-31.8,-14.7,3.5,21.6,37.7,50.6,58.6,62.6,65.4,67.6,-71.7,-63.7,-52.6,-41.0,-29.8,-3.5,10.8,23.9,37.0,47.2,-15.8,-16.6,-17.3,-18.0,-31.8,-24.5,-16.9,-8.2,-0.3,-57.8,-50.4,-41.7,-33.6,-42.1,-50.7,4.8,13.3,22.1,30.2,22.2,13.6,-43.8,-34.7,-24.8,-17.0,-7.8,4.4,17.1,4.3,-8.0,-17.8,-26.0,-35.4,-39.6,-24.8,-16.8,-7.4,12.3,-8.0,-17.4,-25.4,-16.4,3.6,23.5,42.7,60.8,77.3,91.0,101.1,104.4,102.9,95.5,83.9,68.5,49.5,28.8,8.3,-12.0,-27.9,-36.4,-39.4,-38.4,-35.1,-34.6,-37.4,-37.6,-34.5,-26.7,-17.6,-5.6,6.3,18.6,26.8,29.5,31.9,29.4,26.9,-14.0,-17.4,-17.5,-13.6,-11.9,-11.6,-13.1,-16.9,-16.2,-13.0,-10.9,-11.2,52.5,46.1,43.4,45.3,43.6,46.6,52.5,59.6,62.4,63.1,62.4,59.7,53.0,50.0,50.8,50.1,52.8,52.9,53.7,53.0,1296.6,1296.3,1297.2,1296.4,1291.2,1282.7,1270.3,1252.6,1244.5,1246.4,1257.3,1266.1,1268.8,1267.5,1264.8,1263.9,1265.7,1261.5,1252.7,1243.1,1234.3,1226.4,1221.3,1224.9,1227.8,1230.8,1234.7,1223.5,1217.2,1210.7,1204.8,1226.5,1220.2,1214.9,1215.2,1216.3,1251.0,1245.8,1242.9,1239.7,1241.3,1244.5,1232.8,1231.9,1231.0,1231.9,1229.7,1230.6,1246.7,1229.7,1221.3,1218.0,1216.5,1222.0,1234.0,1222.0,1215.0,1215.7,1219.4,1230.1,1243.0,1223.3,1220.0,1218.7,1232.0,1216.8,1217.7,1221.7,2.421,0.076,0.204,0.006,607.4,416.76,-3.5580000000000003,-1.882,0.29100000000000004,0.109,-10.192,3.9539999999999997,-7.004,4.078,-0.552,-4.9719999999999995,-13.218,4.762,-1.25,2.8369999999999997,0.015,0.397,-1.66,-3.11,-0.665,-6.885,-1.4480000000000002,0.8640000000000001,2.9139999999999997,-3.0780000000000003,-4.617,1.05,-0.373,0.94,0.281,0.135,0.11599999999999999,-0.866,-0.168,0.188,0.56,0.44,0.0,0.0,0.92,1.37,0.41,1.28,0.58,0.69,1.16,1.88,0.51,0.66,0.78,1.02,1.33,0.0,0.0,0.0,0.0,1.0,1.0,0.0,1.0,0.0,1.0,1.0,1.0,1.0,1.0,0.0,1.0,0.0,1.0
2,0.033,0.98,-0.065992,0.18848800000000002,-0.979856,-0.263054,0.21145100000000003,-0.9413239999999999,-0.17,0.205,514.7,519.0,530.1,541.7,546.9,543.7,531.5,519.9,504.2,508.3,515.9,526.7,539.5,550.7,559.4,551.0,539.4,527.2,516.7,509.0,526.7,531.9,536.9,538.8,536.5,531.3,526.3,524.4,661.4,666.1,678.0,690.2,695.5,690.8,678.9,665.8,653.4,661.8,672.5,684.2,694.9,704.1,711.3,704.6,695.5,684.4,672.5,661.4,672.6,678.5,684.3,686.6,684.0,678.1,672.3,670.0,323.3,311.1,306.0,310.9,323.0,336.0,340.4,335.4,326.1,321.4,318.3,316.6,317.9,321.7,327.4,330.0,331.1,331.8,331.4,329.5,328.5,330.7,328.4,323.0,317.5,315.3,317.7,323.1,325.5,314.1,309.3,314.0,325.3,336.7,341.5,337.9,328.3,323.6,320.4,319.7,321.6,325.3,330.1,332.5,333.0,332.8,332.1,331.4,331.9,334.2,331.8,326.3,320.8,318.5,320.8,326.4,-45.4,-43.8,-39.7,-35.5,-33.6,-34.8,-39.2,-43.5,-49.5,-47.8,-44.9,-40.9,-36.3,-32.2,-29.1,-32.1,-36.3,-40.8,-44.6,-47.6,-41.0,-39.1,-37.3,-36.6,-37.4,-39.3,-41.1,-41.8,7.9,9.7,14.1,18.7,20.6,18.8,14.4,9.5,5.0,8.1,12.0,16.4,20.4,23.8,26.6,24.0,20.6,16.4,12.0,7.9,12.1,14.3,16.4,17.3,16.3,14.2,12.0,11.1,-13.3,-17.7,-19.5,-17.7,-13.3,-8.7,-7.1,-8.9,-12.4,-14.0,-15.1,-15.7,-15.2,-13.8,-11.8,-10.8,-10.4,-10.2,-10.4,-11.1,-11.4,-10.6,-11.4,-13.4,-15.3,-16.1,-15.3,-13.3,-12.8,-17.0,-18.8,-17.1,-12.9,-8.6,-6.8,-8.2,-11.8,-13.5,-14.7,-14.9,-14.2,-12.9,-11.1,-10.2,-10.0,-10.1,-10.3,-10.6,-10.4,-9.6,-10.4,-12.5,-14.6,-15.4,-14.5,-12.5,1086.2,1085.2,1083.6,1082.3,1082.1,1083.2,1084.6,1085.9,1092.6,1089.3,1085.6,1083.0,1082.1,1082.3,1083.2,1082.6,1082.4,1083.5,1086.1,1089.4,1085.7,1085.1,1084.4,1084.0,1084.1,1084.7,1085.4,1085.8,1111.8,1113.6,1114.5,1114.1,1112.5,1110.8,1109.8,1110.4,1112.6,1111.7,1111.3,1111.5,1112.7,1114.9,1117.2,1113.9,1111.1,1109.4,1109.4,1110.7,1112.1,1111.9,1112.3,1113.2,1113.9,1114.1,1113.7,1112.8,-13.7,23.4,1235.5,0.044000000000000004,0.171,0.021,462.6,464.2,469.4,475.5,486.0,505.8,529.9,559.8,600.4,644.3,687.1,725.0,756.1,776.4,787.2,794.9,800.5,470.3,488.5,513.7,540.7,567.1,631.9,666.9,699.0,730.5,755.6,600.9,599.0,596.9,595.0,561.9,579.3,597.9,619.5,639.1,501.6,518.6,539.3,559.1,538.3,518.1,651.7,672.7,694.1,713.8,694.5,673.5,533.4,553.7,577.2,597.5,621.8,651.6,681.1,651.6,621.6,595.6,574.2,552.1,543.2,577.1,597.8,622.5,669.9,621.4,596.6,575.8,321.5,366.7,411.4,454.6,496.7,536.2,571.0,599.6,610.7,607.9,589.8,562.1,526.1,481.8,433.0,384.0,335.4,293.2,273.3,266.4,267.8,274.6,275.5,269.1,269.0,276.6,295.0,317.8,346.9,375.9,406.0,425.1,432.2,438.5,432.3,426.2,326.7,318.4,318.0,327.5,331.3,332.2,328.7,319.2,320.5,328.7,333.6,333.0,486.1,471.9,466.5,471.5,467.9,474.7,488.2,505.8,514.0,515.7,513.3,504.8,487.5,481.3,483.9,482.4,488.9,492.2,494.3,491.8,-76.9,-76.1,-73.9,-71.3,-66.5,-57.6,-46.9,-33.6,-16.5,1.8,19.8,36.0,49.4,57.9,62.4,65.7,68.2,-71.7,-63.6,-52.5,-41.0,-29.9,-3.3,11.0,24.3,37.3,47.9,-16.0,-16.7,-17.5,-18.1,-32.1,-24.8,-17.1,-8.4,-0.4,-58.0,-50.6,-41.9,-33.6,-42.3,-50.8,4.8,13.5,22.3,30.5,22.5,13.8,-44.5,-35.5,-25.7,-17.3,-7.4,4.8,17.0,4.7,-7.5,-18.1,-26.9,-36.2,-40.3,-25.8,-17.2,-7.1,12.3,-7.6,-17.7,-26.3,-16.7,2.9,22.3,41.0,59.0,75.6,89.8,100.5,104.3,103.4,96.7,85.6,70.6,51.7,31.0,10.2,-10.4,-28.2,-36.4,-39.0,-38.1,-35.0,-34.5,-37.3,-37.4,-34.4,-26.9,-17.3,-5.4,6.4,18.5,26.7,29.5,31.9,29.4,26.9,-14.0,-17.4,-17.5,-13.5,-11.9,-11.6,-12.9,-16.9,-16.3,-12.9,-10.9,-11.1,52.6,46.0,43.6,45.5,43.9,46.9,52.9,59.6,62.7,63.4,62.6,59.7,53.0,49.7,50.6,49.9,53.1,53.8,54.8,53.9,1300.0,1299.2,1299.8,1299.6,1295.5,1288.0,1276.5,1258.1,1248.8,1250.5,1261.8,1271.5,1274.9,1274.2,1272.0,1271.8,1274.1,1267.5,1258.4,1248.4,1239.1,1231.0,1226.1,1229.9,1233.4,1237.2,1242.2,1228.6,1222.1,1215.6,1209.5,1232.3,1225.5,1219.8,1219.8,1221.0,1257.0,1251.7,1248.7,1245.6,1247.2,1250.2,1238.4,1238.1,1237.1,1238.1,1235.7,1236.5,1251.4,1234.5,1226.6,1223.0,1221.4,1227.0,1238.8,1227.2,1220.2,1221.3,1225.1,1235.6,1247.6,1228.2,1224.6,1223.3,1236.9,1222.2,1223.4,1227.7,2.41,0.069,0.192,0.02,606.9169999999999,416.91900000000004,-2.6239999999999997,-7.599,2.438,2.9789999999999996,-9.926,3.35,-7.771,6.436,1.3459999999999999,-3.0389999999999997,-13.199000000000002,5.354,-2.1069999999999998,5.101,1.328,1.04,-2.335,-2.761,-2.7569999999999997,-7.818,-1.767,2.647,2.239,-3.423,-4.138999999999999,0.614,-0.39,1.2309999999999999,0.436,0.35200000000000004,-0.11199999999999999,-0.826,0.256,0.373,0.63,0.37,0.0,0.1,0.96,1.54,0.38,1.19,0.6,0.59,1.14,1.69,0.41,0.58,1.03,0.98,1.33,0.0,0.0,0.0,1.0,1.0,1.0,1.0,1.0,0.0,1.0,1.0,1.0,1.0,0.0,0.0,1.0,0.0,1.0
3,0.067,0.98,-0.054551999999999996,0.182427,-0.9817049999999999,-0.260024,0.205366,-0.9435110000000001,-0.162,0.19899999999999998,515.0,519.2,530.3,541.8,546.9,543.7,531.6,520.1,504.3,508.6,516.1,527.0,539.6,550.1,558.0,549.9,538.7,526.9,516.8,509.2,526.7,531.9,536.9,538.8,536.5,531.4,526.3,524.4,661.5,666.1,678.1,690.3,695.6,690.9,679.0,665.9,653.5,661.8,672.3,684.0,694.7,703.8,711.1,704.4,695.3,684.3,672.5,661.5,672.7,678.6,684.4,686.7,684.1,678.2,672.3,670.1,323.6,311.5,306.3,311.1,323.0,335.8,340.2,335.4,326.5,321.5,318.3,316.5,317.9,322.0,328.4,330.5,331.4,331.8,331.3,329.5,328.7,330.8,328.5,323.0,317.7,315.5,317.9,323.3,325.4,314.2,309.5,314.2,325.4,336.6,341.3,337.7,328.9,323.9,320.6,319.7,321.6,325.4,330.3,332.5,333.0,332.8,332.2,331.7,331.9,334.2,331.9,326.4,320.9,318.7,320.9,326.4,-46.6,-45.0,-40.8,-36.5,-34.6,-35.8,-40.3,-44.7,-50.8,-49.1,-46.1,-42.0,-37.3,-33.4,-30.5,-33.5,-37.6,-42.1,-45.9,-48.9,-42.2,-40.2,-38.4,-37.6,-38.5,-40.4,-42.3,-43.0,8.0,9.7,14.2,18.7,20.6,18.9,14.4,9.6,5.0,8.1,12.0,16.3,20.3,23.7,26.5,23.9,20.5,16.4,12.0,8.0,12.1,14.3,16.5,17.3,16.4,14.2,12.0,11.2,-13.6,-18.1,-20.0,-18.2,-13.7,-9.0,-7.4,-9.1,-12.5,-14.4,-15.5,-16.2,-15.6,-14.1,-11.8,-11.0,-10.6,-10.5,-10.7,-11.4,-11.7,-10.9,-11.7,-13.7,-15.7,-16.5,-15.7,-13.7,-12.8,-17.0,-18.8,-17.0,-12.8,-8.7,-6.9,-8.3,-11.5,-13.4,-14.6,-14.9,-14.3,-12.9,-11.1,-10.2,-10.0,-10.1,-10.3,-10.5,-10.4,-9.6,-10.4,-12.5,-14.5,-15.4,-14.5,-12.5,1117.7,1116.9,1115.5,1114.2,1113.9,1114.9,1116.2,1117.4,1123.6,1120.5,1117.0,1114.6,1113.8,1114.0,1115.0,1114.4,1114.2,1115.1,1117.5,1120.7,1117.4,1116.8,1116.2,1115.8,1115.9,1116.5,1117.1,1117.5,1112.6,1114.6,1115.6,1115.1,1113.4,1111.5,1110.5,1111.1,1113.2,1112.5,1112.1,1112.3,1113.5,1115.7,1118.0,1114.7,1111.8,1110.0,1110.1,1111.4,1112.8,1112.6,1113.1,1114.0,1114.9,1115.1,1114.6,1113.6,-14.0,23.6,1240.4,0.047,0.17,0.027999999999999997,462.0,463.6,468.6,474.3,484.4,503.4,527.0,557.1,598.1,642.4,685.6,723.7,755.0,775.1,786.0,794.0,800.1,470.5,489.0,514.1,541.0,567.1,632.1,667.1,699.0,730.2,755.2,600.7,599.0,597.0,595.2,561.9,579.3,597.8,619.4,639.0,501.5,518.5,539.2,558.7,538.1,518.0,651.9,672.5,693.8,713.5,694.4,673.4,532.8,553.5,577.5,597.1,620.6,651.1,681.7,650.8,619.9,594.7,574.0,551.6,542.7,577.1,597.3,621.1,670.4,619.8,595.7,575.5,320.8,365.0,408.7,450.9,492.8,533.0,568.8,598.9,610.9,608.6,591.0,563.4,527.4,483.6,435.3,386.6,338.4,293.0,273.4,266.6,268.0,275.0,275.8,269.0,269.0,276.7,295.1,317.9,347.1,376.1,406.2,424.7,432.1,438.5,432.3,426.0,327.1,318.5,318.3,327.7,331.7,332.4,328.9,319.2,320.5,329.0,333.7,333.1,485.8,471.4,466.3,471.1,467.7,474.5,488.5,506.7,514.7,516.2,513.8,505.1,487.3,480.8,483.3,482.0,489.2,493.6,495.4,492.9,-77.4,-76.6,-74.5,-72.0,-67.4,-58.8,-48.3,-34.9,-17.5,1.0,19.2,35.6,49.0,57.5,62.1,65.5,68.2,-71.8,-63.5,-52.6,-41.0,-30.0,-3.2,11.2,24.3,37.3,47.9,-16.1,-16.8,-17.5,-18.1,-32.2,-24.9,-17.2,-8.4,-0.4,-58.2,-50.9,-42.1,-33.9,-42.5,-51.0,4.9,13.4,22.3,30.4,22.5,13.8,-44.9,-35.7,-25.7,-17.6,-7.9,4.6,17.3,4.4,-8.2,-18.5,-27.1,-36.5,-40.6,-25.9,-17.5,-7.7,12.6,-8.3,-18.1,-26.5,-17.0,2.2,21.1,39.5,57.5,74.5,89.2,100.6,104.8,104.0,97.5,86.5,71.4,52.7,32.0,11.3,-9.2,-28.4,-36.4,-39.0,-38.1,-35.0,-34.5,-37.4,-37.5,-34.5,-26.9,-17.3,-5.3,6.5,18.7,26.7,29.6,32.0,29.5,27.0,-13.8,-17.4,-17.4,-13.5,-11.8,-11.5,-12.9,-16.9,-16.4,-12.9,-10.9,-11.1,52.7,46.0,43.6,45.5,44.0,47.0,53.3,60.3,63.2,63.8,63.0,60.0,53.2,49.7,50.6,49.9,53.5,54.6,55.5,54.6,1304.3,1303.1,1303.3,1303.0,1299.3,1292.3,1281.7,1263.2,1253.4,1254.5,1265.7,1275.4,1278.9,1277.9,1275.8,1275.8,1278.2,1270.9,1262.1,1252.4,1243.3,1235.4,1230.4,1234.3,1237.6,1241.4,1246.2,1232.9,1226.7,1220.6,1214.8,1237.3,1230.5,1224.8,1224.7,1225.9,1261.4,1256.3,1253.3,1250.2,1251.8,1254.9,1242.8,1242.5,1241.6,1242.5,1240.1,1241.0,1257.3,1240.0,1231.8,1228.2,1226.6,1232.4,1244.6,1232.3,1224.9,1226.0,1229.8,1240.8,1253.5,1233.2,1229.7,1228.3,1242.7,1227.0,1228.3,1232.4,2.4019999999999997,0.07200000000000001,0.192,0.027000000000000003,606.373,416.958,-5.938,-9.277000000000001,3.2769999999999997,1.383,-9.831,2.988,-8.212,7.746,2.272,-1.9880000000000002,-14.572000000000001,6.617000000000001,-4.311,4.503,1.5230000000000001,1.4580000000000002,-1.09,-1.9380000000000002,-2.469,-6.862,-1.7480000000000002,3.188,3.5439999999999996,-3.6,-4.394,0.769,0.131,1.181,0.527,0.441,-0.196,-0.912,0.153,0.43,0.63,0.4,0.0,0.23,0.99,1.74,0.43,1.25,0.67,0.63,1.13,1.74,0.25,0.55,1.11,0.92,1.28,0.0,0.0,0.0,0.0,1.0,1.0,0.0,1.0,0.0,1.0,1.0,1.0,1.0,1.0,1.0,1.0,0.0,1.0
4,0.1,0.98,-0.054821,0.20133800000000002,-0.977987,-0.235447,0.208841,-0.949184,-0.149,0.21,514.8,519.1,530.3,541.8,547.0,543.8,531.6,520.0,504.2,508.4,516.0,526.9,539.6,550.8,559.6,551.2,539.5,527.3,516.8,509.0,526.8,532.0,537.0,538.8,536.5,531.4,526.4,524.5,662.4,666.7,678.3,690.4,695.8,691.4,679.8,666.9,653.5,662.0,672.6,684.1,694.9,704.0,711.4,704.6,695.5,684.5,672.8,661.8,673.3,679.3,685.0,687.2,684.5,678.5,672.7,670.6,323.6,311.4,306.1,311.0,323.1,336.1,340.6,335.7,326.3,321.7,318.5,316.8,318.2,322.0,327.6,330.3,331.3,331.9,331.6,329.8,328.8,330.9,328.6,323.2,317.8,315.6,318.0,323.4,325.4,314.4,309.8,314.2,325.1,336.1,340.7,337.4,328.8,324.0,320.7,319.7,321.6,325.6,330.6,332.7,333.2,333.0,332.4,331.9,331.8,334.0,331.7,326.2,320.8,318.6,320.9,326.3,-45.3,-43.7,-39.6,-35.4,-33.6,-34.7,-39.2,-43.4,-49.5,-47.8,-44.9,-40.8,-36.2,-32.2,-29.0,-32.1,-36.3,-40.7,-44.6,-47.6,-41.0,-39.1,-37.3,-36.6,-37.4,-39.3,-41.1,-41.8,8.3,9.9,14.3,18.7,20.7,19.0,14.7,10.0,5.0,8.2,12.1,16.4,20.4,23.8,26.6,24.0,20.6,16.5,12.2,8.1,12.3,14.6,16.7,17.5,16.6,14.3,12.2,11.3,-13.2,-17.6,-19.5,-17.7,-13.3,-8.6,-7.0,-8.8,-12.3,-13.9,-15.0,-15.6,-15.1,-13.7,-11.7,-10.7,-10.4,-10.1,-10.3,-11.0,-11.3,-10.5,-11.3,-13.3,-15.3,-16.0,-15.2,-13.2,-12.8,-17.0,-18.7,-17.0,-13.0,-8.9,-7.1,-8.4,-11.6,-13.3,-14.6,-14.9,-14.2,-12.8,-11.0,-10.1,-10.0,-10.0,-10.2,-10.4,-10.5,-9.6,-10.5,-12.5,-14.6,-15.4,-14.5,-12.5,1086.2,1085.4,1083.8,1082.5,1082.1,1083.2,1084.5,1085.9,1092.6,1089.3,1085.6,1083.1,1082.1,1082.3,1083.3,1082.6,1082.4,1083.5,1086.0,1089.4,1085.7,1085.1,1084.5,1084.1,1084.2,1084.8,1085.5,1085.9,1113.1,1115.1,1116.2,1115.8,1114.1,1112.1,1111.0,1111.5,1113.7,1112.9,1112.4,1112.7,1114.1,1116.3,1118.8,1115.2,1112.2,1110.5,1110.5,1111.7,1113.3,1113.1,1113.6,1114.6,1115.5,1115.7,1115.1,1114.1,-13.2,23.3,1233.7,0.057,0.155,0.018000000000000002,459.6,460.8,466.0,472.9,485.3,506.4,531.4,563.1,604.4,648.0,689.7,727.0,757.8,777.3,787.5,794.1,798.5,471.3,489.6,514.4,541.0,566.8,633.8,668.3,699.7,730.1,753.9,601.4,600.0,598.4,597.0,563.2,581.1,600.1,621.5,641.3,501.7,518.6,539.4,559.2,538.6,518.2,652.0,672.6,694.2,713.8,694.7,673.6,535.7,557.0,581.0,600.2,622.7,653.1,683.8,653.4,623.1,598.9,578.8,556.2,545.9,581.1,600.7,623.6,672.1,622.4,599.4,579.9,320.2,363.7,407.3,450.3,492.7,533.8,570.7,601.3,612.6,608.9,589.7,561.3,525.1,481.4,432.9,384.2,336.2,291.1,271.9,265.0,266.9,274.2,275.2,268.5,268.7,277.2,296.3,318.3,347.7,376.9,407.3,425.8,433.0,439.3,432.8,426.6,326.8,318.3,318.2,327.5,331.8,332.6,328.7,319.4,320.9,329.0,333.9,333.2,485.9,472.0,466.2,470.8,467.0,473.5,487.0,505.1,512.7,514.3,512.2,504.5,487.5,482.2,484.4,482.6,487.8,489.9,491.8,489.6,-78.1,-77.5,-75.3,-72.3,-66.7,-57.3,-46.1,-32.2,-14.8,3.3,20.9,36.9,50.1,58.4,62.5,65.3,67.2,-71.0,-62.9,-52.1,-40.8,-30.0,-2.5,11.6,24.5,37.1,47.1,-15.8,-16.3,-16.8,-17.3,-31.5,-24.0,-16.2,-7.5,0.5,-57.8,-50.6,-41.8,-33.5,-42.1,-50.7,4.9,13.5,22.3,30.4,22.5,13.8,-43.5,-34.1,-24.1,-16.2,-7.1,5.4,18.1,5.5,-6.8,-16.7,-24.9,-34.5,-39.1,-24.1,-16.0,-6.7,13.3,-7.1,-16.5,-24.6,-17.2,1.6,20.5,39.1,57.2,74.5,89.6,101.2,105.2,103.8,96.7,85.4,70.3,51.6,30.9,10.2,-10.1,-29.0,-36.8,-39.4,-38.4,-35.2,-34.6,-37.5,-37.5,-34.1,-26.3,-17.1,-5.0,6.8,19.0,27.0,29.8,32.2,29.6,27.1,-13.9,-17.4,-17.4,-13.5,-11.7,-11.4,-12.9,-16.7,-16.1,-12.8,-10.7,-11.0,52.5,46.0,43.3,45.1,43.5,46.4,52.5,59.3,62.0,62.7,62.0,59.4,53.0,50.0,50.7,49.9,52.7,52.8,53.7,52.9,1298.0,1297.8,1298.8,1298.5,1294.3,1286.6,1275.3,1257.7,1249.4,1251.4,1262.9,1272.9,1276.3,1274.9,1271.9,1270.6,1271.8,1262.4,1254.1,1245.1,1237.1,1230.1,1224.4,1228.7,1232.1,1235.6,1239.9,1227.1,1220.7,1214.2,1208.3,1230.2,1224.0,1218.8,1219.1,1220.7,1254.2,1249.2,1246.4,1243.5,1245.0,1248.0,1236.9,1236.5,1235.9,1237.1,1234.5,1235.1,1250.4,1232.3,1224.4,1221.3,1219.8,1226.2,1239.7,1226.3,1218.1,1218.6,1222.0,1232.8,1246.6,1226.4,1223.3,1222.2,1237.3,1220.1,1220.9,1224.7,2.4130000000000003,0.083,0.175,0.017,608.068,416.50199999999995,-0.379,-5.5489999999999995,0.9,1.3230000000000002,-13.384,3.693,-7.097,9.693,-0.875,-5.461,-15.238,6.081,-3.319,0.9159999999999999,1.55,0.672,-2.234,-2.522,0.866,-7.212999999999999,-2.249,2.391,3.597,-3.654,-4.71,0.857,0.16399999999999998,1.016,0.271,0.115,0.139,-0.8079999999999999,0.0,-0.057,0.63,0.49,0.0,0.19,1.03,1.73,0.38,1.25,0.7,0.66,1.13,1.8,0.04,0.59,1.14,0.71,1.27,0.0,0.0,0.0,0.0,1.0,1.0,0.0,1.0,0.0,1.0,1.0,1.0,1.0,0.0,0.0,1.0,0.0,1.0
5,0.133,0.98,-0.057771,0.18473299999999998,-0.981089,-0.255652,0.207641,-0.944207,-0.161,0.201,515.1,519.4,530.6,542.1,547.1,543.8,531.6,520.2,504.3,508.8,516.6,527.4,539.9,550.3,558.2,550.1,539.0,527.2,517.1,509.3,526.9,532.0,537.0,539.0,536.7,531.6,526.5,524.6,661.7,666.4,678.4,690.7,696.1,691.5,679.4,666.2,653.6,662.0,672.6,684.2,694.9,704.1,711.5,704.7,695.7,684.7,672.9,661.8,672.9,679.0,685.0,687.3,684.6,678.5,672.5,670.2,323.4,311.3,306.2,311.0,322.9,335.7,340.1,335.3,326.3,321.4,318.3,316.6,317.9,322.1,328.5,330.5,331.4,331.8,331.1,329.3,328.5,330.7,328.4,323.0,317.6,315.5,317.8,323.2,325.4,314.3,309.7,314.3,325.5,336.6,341.2,337.7,328.8,323.7,320.5,319.7,321.6,325.5,330.4,332.7,333.1,332.9,332.3,331.8,332.1,334.4,332.1,326.6,321.0,318.7,321.0,326.5,-46.8,-45.2,-40.9,-36.6,-34.7,-36.0,-40.6,-44.9,-51.1,-49.3,-46.2,-42.1,-37.4,-33.5,-30.6,-33.6,-37.7,-42.2,-46.1,-49.1,-42.4,-40.5,-38.6,-37.8,-38.7,-40.6,-42.5,-43.3,8.0,9.7,14.2,18.7,20.7,18.9,14.5,9.6,5.0,8.1,12.0,16.3,20.2,23.7,26.4,23.9,20.5,16.4,12.1,8.0,12.1,14.4,16.6,17.4,16.5,14.2,12.0,11.1,-13.7,-18.2,-20.1,-18.3,-13.9,-9.1,-7.5,-9.3,-12.7,-14.5,-15.6,-16.2,-15.7,-14.2,-11.8,-11.0,-10.7,-10.6,-10.8,-11.5,-11.8,-11.0,-11.8,-13.9,-15.9,-16.7,-15.8,-13.8,-12.7,-16.8,-18.6,-16.9,-12.7,-8.6,-6.9,-8.2,-11.5,-13.3,-14.5,-14.8,-14.2,-12.7,-10.9,-10.1,-9.9,-9.9,-10.2,-10.4,-10.3,-9.4,-10.3,-12.3,-14.4,-15.2,-14.4,-12.3,1124.6,1123.9,1122.5,1121.3,1121.0,1122.0,1123.1,1124.3,1130.2,1127.2,1123.8,1121.5,1120.8,1121.1,1122.1,1121.4,1121.1,1121.9,1124.3,1127.4,1124.3,1123.8,1123.2,1122.8,1123.0,1123.5,1124.1,1124.5,1104.3,1106.4,1107.5,1107.0,1105.1,1103.0,1101.9,1102.5,1104.7,1104.0,1103.7,1104.0,1105.1,1107.2,1109.5,1106.1,1103.2,1101.4,1101.5,1102.8,1104.3,1104.1,1104.7,1105.7,1106.6,1106.9,1106.3,1105.2,-14.0,23.4,1237.9,0.054000000000000006,0.174,0.028999999999999998,461.9,463.5,468.4,474.0,484.1,503.2,527.2,557.8,599.3,643.9,687.1,724.9,755.8,775.6,786.4,794.5,800.7,470.7,489.2,514.2,541.0,567.2,632.4,667.6,699.4,730.6,755.8,600.8,599.0,597.0,595.2,561.7,579.2,597.8,619.5,639.4,501.7,518.7,539.4,558.9,538.3,518.2,652.1,672.8,694.2,713.7,694.7,673.7,532.1,552.4,576.2,596.5,621.0,651.7,682.1,651.2,620.0,593.9,572.6,550.5,542.0,575.8,596.7,621.4,670.7,620.1,595.1,574.3,318.4,362.9,406.5,449.1,491.3,532.2,568.9,599.4,611.4,608.9,591.1,563.2,527.1,483.2,434.7,385.6,337.0,293.1,273.4,266.7,268.2,275.1,275.9,269.1,269.2,276.9,295.5,318.2,347.4,376.6,406.9,424.7,432.2,438.9,432.6,426.4,326.9,318.4,318.2,327.7,331.6,332.3,329.0,319.3,320.5,329.1,333.8,333.2,485.5,470.9,466.0,471.0,467.7,474.4,488.8,506.6,514.6,516.0,513.4,504.6,486.9,480.4,483.1,481.8,489.3,493.7,495.7,492.9,-77.3,-76.6,-74.4,-72.0,-67.4,-58.8,-48.1,-34.5,-17.0,1.6,19.8,36.0,49.3,57.7,62.1,65.5,68.3,-71.6,-63.3,-52.4,-40.9,-29.9,-3.1,11.3,24.4,37.4,48.0,-16.1,-16.7,-17.4,-18.1,-32.2,-24.9,-17.2,-8.3,-0.3,-58.0,-50.7,-41.9,-33.7,-42.4,-50.8,5.0,13.5,22.4,30.5,22.5,13.9,-45.1,-36.1,-26.1,-17.8,-7.8,4.8,17.4,4.6,-8.1,-18.8,-27.6,-37.0,-40.9,-26.3,-17.7,-7.6,12.7,-8.1,-18.3,-27.0,-18.0,1.2,20.2,38.6,56.8,74.1,89.1,100.6,104.9,103.9,97.3,86.2,71.1,52.4,31.7,10.9,-9.8,-28.3,-36.4,-38.9,-38.0,-34.9,-34.4,-37.3,-37.4,-34.3,-26.7,-17.2,-5.2,6.7,18.9,26.6,29.6,32.1,29.6,27.1,-13.9,-17.4,-17.4,-13.4,-11.8,-11.6,-12.8,-16.8,-16.3,-12.8,-10.8,-11.0,52.5,45.8,43.4,45.4,43.9,46.9,53.3,60.1,63.0,63.6,62.8,59.7,52.9,49.4,50.4,49.7,53.5,54.6,55.4,54.5,1302.2,1301.0,1301.2,1300.8,1297.2,1290.4,1279.7,1261.0,1251.1,1252.2,1263.4,1273.0,1276.3,1275.3,1272.8,1272.6,1275.1,1268.0,1259.2,1249.5,1240.4,1232.5,1227.4,1231.2,1234.4,1238.2,1243.1,1230.0,1224.0,1218.0,1212.5,1235.1,1228.3,1222.4,1222.3,1223.3,1258.5,1253.4,1250.6,1247.3,1248.9,1252.0,1239.9,1239.5,1238.5,1239.4,1237.1,1237.9,1255.0,1237.5,1229.4,1225.7,1223.9,1229.7,1241.9,1229.6,1222.3,1223.4,1227.4,1238.4,1251.1,1230.7,1227.1,1225.5,1239.9,1224.4,1225.8,1230.2,2.407,0.079,0.196,0.027000000000000003,606.455,416.786,-5.282,-8.604,3.486,0.28800000000000003,-10.853,2.787,-8.352,7.529,2.02,-2.3080000000000003,-15.22,6.206,-4.362,5.379,1.47,2.189,-1.091,-0.915,-2.531,-7.349,-2.41,3.6260000000000003,3.2739999999999996,-4.178999999999999,-4.291,0.682,0.02,1.163,0.632,0.541,-0.24100000000000002,-0.8109999999999999,0.244,0.374,0.64,0.51,0.0,0.42,0.99,1.7,0.39,1.26,0.75,0.74,1.16,1.96,0.01,0.58,1.1,0.72,1.24,0.0,0.0,0.0,0.0,1.0,1.0,0.0,1.0,0.0,1.0,1.0,1.0,1.0,0.0,1.0,1.0,0.0,1.0
6,0.16699999999999998,0.98,-0.072408,0.195524,-0.978022,-0.239792,0.206096,-0.9486959999999999,-0.161,0.20600000000000002,515.2,519.3,530.4,542.0,547.3,544.2,532.0,520.4,504.6,509.2,517.0,527.6,540.0,551.2,560.2,552.1,541.0,529.2,518.4,510.1,527.1,532.3,537.3,539.2,536.8,531.6,526.6,524.7,662.7,667.2,678.9,690.9,696.2,691.7,680.0,667.2,654.3,662.5,672.8,684.5,695.4,704.6,711.7,705.0,696.0,685.0,673.3,662.4,673.6,679.6,685.4,687.7,685.0,679.0,673.2,670.9,323.2,311.1,305.9,310.7,322.7,335.5,340.0,335.2,325.8,321.3,318.2,316.4,317.6,321.6,327.6,330.1,331.3,332.1,331.6,329.5,328.3,330.5,328.1,322.7,317.3,315.1,317.4,322.9,325.1,314.1,309.4,313.9,324.8,335.9,340.5,337.2,328.6,323.7,320.3,319.3,321.4,325.4,330.5,332.6,332.9,332.7,332.1,331.6,331.5,333.8,331.5,325.9,320.4,318.2,320.5,326.0,-45.9,-44.4,-40.2,-35.9,-34.0,-35.1,-39.7,-44.0,-50.1,-48.2,-45.2,-41.2,-36.6,-32.5,-29.3,-32.3,-36.3,-40.7,-44.7,-47.9,-41.5,-39.6,-37.7,-37.0,-37.9,-39.8,-41.7,-42.4,8.5,10.2,14.5,19.0,21.0,19.2,14.9,10.1,5.3,8.4,12.2,16.6,20.7,24.1,26.9,24.3,20.9,16.8,12.4,8.3,12.5,14.8,16.9,17.8,16.8,14.6,12.4,11.5,-13.5,-18.0,-19.8,-18.1,-13.7,-9.0,-7.4,-9.1,-12.6,-14.3,-15.4,-16.0,-15.5,-14.1,-11.9,-11.0,-10.5,-10.2,-10.4,-11.2,-11.7,-10.9,-11.7,-13.7,-15.7,-16.5,-15.6,-13.6,-13.0,-17.1,-18.9,-17.2,-13.1,-9.0,-7.2,-8.5,-11.7,-13.5,-14.8,-15.2,-14.4,-13.0,-11.1,-10.2,-10.1,-10.2,-10.4,-10.6,-10.6,-9.8,-10.6,-12.7,-14.8,-15.6,-14.8,-12.7,1103.3,1102.4,1100.9,1099.7,1099.6,1100.8,1102.0,1103.2,1109.2,1106.0,1102.4,1100.0,1099.3,1099.8,1101.0,1100.3,1099.9,1100.7,1102.9,1106.2,1103.1,1102.5,1101.9,1101.4,1101.5,1102.0,1102.7,1103.1,1118.3,1120.2,1121.3,1120.8,1119.2,1117.3,1116.2,1116.8,1119.1,1118.3,1117.8,1118.0,1119.3,1121.4,1123.8,1120.3,1117.5,1115.8,1115.8,1117.1,1118.5,1118.3,1118.8,1119.8,1120.6,1120.8,1120.3,1119.3,-13.1,23.3,1235.5,0.061,0.16,0.018000000000000002,459.7,461.0,466.2,473.2,485.7,507.0,532.2,564.0,605.4,649.0,690.7,727.6,758.1,777.5,787.6,794.4,799.0,471.9,490.3,515.3,541.9,567.6,634.2,668.7,700.0,730.3,754.3,601.9,600.4,598.7,597.2,563.2,581.3,600.3,621.8,641.7,502.5,519.5,540.3,559.9,539.4,519.0,652.5,673.1,694.6,714.1,695.2,674.1,535.3,556.5,580.6,600.4,623.6,654.3,684.9,654.5,624.1,599.1,578.3,555.6,545.5,580.7,600.9,624.6,673.1,623.4,599.6,579.4,319.9,363.7,407.4,450.7,493.1,534.4,571.5,601.8,612.6,608.6,589.0,560.6,524.4,481.0,432.7,384.2,336.3,291.0,271.8,265.1,267.0,274.4,275.4,268.6,268.9,277.3,296.4,318.3,347.9,377.3,407.9,425.9,433.1,439.5,433.0,426.8,326.5,317.9,317.8,327.4,331.6,332.2,328.6,319.2,320.6,328.8,333.7,333.0,485.9,471.7,465.9,470.5,466.7,473.1,486.8,505.2,513.1,514.9,512.7,504.9,487.5,481.8,484.0,482.1,487.7,490.5,492.6,490.2,-78.1,-77.5,-75.3,-72.3,-66.7,-57.1,-45.9,-31.9,-14.4,3.7,21.4,37.2,50.3,58.5,62.6,65.4,67.4,-70.8,-62.6,-51.8,-40.5,-29.7,-2.4,11.8,24.6,37.2,47.3,-15.6,-16.1,-16.7,-17.3,-31.5,-24.0,-16.1,-7.4,0.7,-57.5,-50.2,-41.5,-33.2,-41.8,-50.4,5.2,13.7,22.5,30.6,22.7,14.1,-43.7,-34.4,-24.3,-16.1,-6.7,5.9,18.6,6.0,-6.5,-16.7,-25.2,-34.8,-39.3,-24.3,-16.0,-6.3,13.7,-6.8,-16.5,-24.8,-17.4,1.6,20.6,39.3,57.5,74.9,90.0,101.5,105.3,103.8,96.5,85.2,70.0,51.4,30.8,10.3,-10.1,-29.1,-36.9,-39.4,-38.4,-35.1,-34.6,-37.4,-37.4,-34.1,-26.3,-17.1,-4.9,7.0,19.3,27.1,29.9,32.4,29.7,27.2,-14.0,-17.5,-17.5,-13.5,-11.8,-11.6,-13.0,-16.8,-16.2,-12.9,-10.8,-11.1,52.5,45.9,43.3,45.1,43.4,46.3,52.5,59.4,62.3,63.0,62.3,59.6,53.1,49.9,50.7,49.8,52.7,53.2,54.0,53.2,1299.6,1299.5,1300.4,1300.1,1295.8,1288.0,1276.5,1258.9,1250.7,1252.8,1264.1,1273.8,1276.9,1275.5,1272.4,1271.0,1272.4,1263.7,1255.3,1246.3,1238.4,1231.5,1225.7,1229.7,1233.0,1236.3,1240.6,1228.5,1222.4,1216.1,1210.4,1232.2,1226.0,1220.7,1221.0,1222.4,1255.4,1250.5,1247.7,1244.8,1246.3,1249.3,1238.0,1237.5,1236.8,1238.0,1235.6,1236.1,1252.4,1234.3,1226.4,1223.2,1221.7,1228.0,1241.3,1228.1,1220.0,1220.5,1224.1,1234.9,1248.7,1228.4,1225.2,1223.9,1238.9,1222.1,1222.9,1226.8,2.41,0.086,0.18100000000000002,0.016,608.501,416.50699999999995,-3.037,-4.852,1.496,-0.29100000000000004,-12.92,4.079,-6.855,9.445,-1.04,-5.069,-15.126,5.435,-3.406,1.848,1.401,1.155,-2.173,-2.0069999999999997,1.3530000000000002,-7.337999999999999,-2.13,2.358,3.094,-4.17,-4.556,0.8690000000000001,0.345,1.085,0.39899999999999997,0.22399999999999998,0.17800000000000002,-0.675,0.005,-0.161,0.66,0.51,0.0,0.44,0.99,1.49,0.33,1.12,0.72,0.66,1.15,1.88,0.05,0.57,1.21,0.74,1.21,0.0,0.0,0.0,0.0,1.0,1.0,0.0,1.0,0.0,1.0,1.0,1.0,1.0,0.0,1.0,1.0,0.0,1.0
7,0.2,0.98,-0.08005,0.18601099999999998,-0.979281,-0.26168,0.20343,-0.943472,-0.17600000000000002,0.2,515.2,519.3,530.6,542.3,547.6,544.6,532.2,520.5,504.5,509.1,516.9,527.6,540.2,551.7,561.0,552.7,541.4,529.4,518.4,510.0,527.3,532.5,537.6,539.4,537.0,531.8,526.8,524.9,662.0,666.6,678.6,690.8,696.2,691.5,679.6,666.5,654.6,662.7,673.2,684.8,695.6,704.7,711.9,705.3,696.2,685.3,673.5,662.5,673.2,679.2,685.1,687.4,684.7,678.7,672.9,670.6,323.0,310.8,305.6,310.5,322.6,335.6,340.1,335.2,325.5,321.1,318.0,316.2,317.4,321.4,327.3,329.9,331.2,332.0,331.6,329.5,328.2,330.4,328.0,322.5,317.1,314.9,317.2,322.7,325.3,314.0,309.2,313.7,324.8,336.1,340.9,337.5,328.4,323.3,320.0,319.2,321.2,325.0,330.0,332.4,333.0,332.8,332.1,331.5,331.7,333.9,331.5,326.0,320.5,318.3,320.7,326.2,-45.1,-43.5,-39.4,-35.2,-33.2,-34.4,-38.9,-43.1,-49.2,-47.4,-44.4,-40.5,-35.9,-31.8,-28.5,-31.4,-35.5,-39.8,-43.9,-47.1,-40.7,-38.8,-36.9,-36.3,-37.1,-39.0,-40.9,-41.6,8.2,9.9,14.3,18.9,20.9,19.1,14.7,9.8,5.4,8.4,12.3,16.6,20.6,24.1,26.8,24.3,20.8,16.8,12.4,8.3,12.3,14.6,16.7,17.6,16.6,14.4,12.2,11.4,-13.3,-17.8,-19.6,-17.8,-13.5,-8.8,-7.2,-9.0,-12.5,-14.1,-15.2,-15.8,-15.3,-13.9,-11.8,-10.8,-10.4,-10.1,-10.3,-11.1,-11.5,-10.7,-11.5,-13.5,-15.5,-16.3,-15.4,-13.5,-12.9,-17.1,-18.9,-17.2,-13.1,-8.9,-7.1,-8.3,-11.7,-13.6,-14.8,-15.1,-14.4,-13.0,-11.2,-10.3,-10.0,-10.1,-10.3,-10.6,-10.5,-9.7,-10.6,-12.6,-14.7,-15.5,-14.6,-12.6,1083.5,1082.5,1081.0,1079.8,1079.6,1080.8,1082.2,1083.4,1089.6,1086.3,1082.6,1080.2,1079.4,1079.8,1081.0,1080.3,1080.0,1080.8,1083.1,1086.4,1083.2,1082.7,1082.0,1081.5,1081.6,1082.1,1082.8,1083.3,1113.3,1115.2,1116.1,1115.5,1113.8,1111.9,1110.9,1111.6,1113.9,1113.1,1112.7,1112.9,1114.0,1116.1,1118.2,1115.0,1112.2,1110.5,1110.6,1112.0,1113.3,1113.0,1113.5,1114.5,1115.3,1115.6,1115.1,1114.2,-13.5,23.4,1234.8,0.055999999999999994,0.163,0.027999999999999997,462.1,463.6,468.6,474.4,484.4,503.6,528.1,559.3,601.0,645.3,687.9,724.9,755.6,775.8,786.8,795.0,801.2,471.2,489.2,514.4,541.4,567.9,633.0,667.8,699.8,731.0,756.1,601.5,599.8,597.8,596.0,562.4,580.1,598.9,620.5,640.4,502.5,519.7,540.5,560.4,539.6,519.3,652.4,673.4,694.8,714.5,695.4,674.4,532.8,552.5,576.4,597.8,623.5,654.0,683.0,654.1,623.6,596.1,573.6,551.2,542.8,576.1,598.0,624.0,671.8,623.3,597.0,575.1,318.6,362.9,406.5,449.0,491.3,532.1,569.0,599.4,611.2,608.5,590.7,563.1,527.4,483.8,435.3,386.2,337.2,293.3,273.4,266.7,268.1,275.0,275.9,269.0,269.0,276.9,295.4,318.2,347.3,376.4,406.6,424.7,432.1,438.7,432.5,426.4,326.5,317.9,317.7,327.6,331.1,331.8,328.9,318.9,320.1,328.7,333.5,332.9,485.4,470.5,465.4,470.6,467.1,474.0,488.5,507.0,516.1,517.9,515.0,505.5,486.7,479.8,482.8,481.3,489.0,494.8,497.0,494.0,-77.0,-76.3,-74.2,-71.7,-67.1,-58.5,-47.6,-33.8,-16.2,2.2,20.2,36.0,49.2,57.7,62.3,65.7,68.5,-71.2,-63.1,-52.2,-40.7,-29.6,-2.8,11.4,24.6,37.5,48.1,-15.7,-16.4,-17.1,-17.7,-31.9,-24.5,-16.7,-7.9,0.2,-57.5,-50.1,-41.4,-33.0,-41.7,-50.2,5.1,13.8,22.6,30.7,22.8,14.1,-44.7,-36.0,-26.0,-17.2,-6.7,5.7,17.8,5.8,-6.7,-17.9,-27.1,-36.6,-40.4,-26.1,-17.1,-6.5,13.1,-6.8,-17.5,-26.6,-17.9,1.3,20.1,38.5,56.6,73.9,88.9,100.4,104.5,103.6,97.0,86.1,71.2,52.6,32.0,11.1,-9.7,-28.1,-36.3,-38.8,-37.9,-34.8,-34.3,-37.3,-37.4,-34.3,-26.7,-17.1,-5.2,6.7,18.8,26.6,29.5,32.0,29.5,27.0,-14.0,-17.5,-17.6,-13.5,-12.0,-11.7,-12.8,-16.9,-16.4,-12.9,-10.9,-11.1,52.3,45.4,43.1,45.1,43.6,46.6,53.1,60.1,63.5,64.3,63.3,59.9,52.7,49.0,50.1,49.4,53.2,54.9,55.9,54.8,1298.5,1297.3,1297.9,1297.8,1294.3,1287.5,1276.5,1258.0,1248.6,1250.3,1261.9,1271.7,1275.2,1274.8,1272.3,1272.1,1274.6,1265.4,1256.3,1246.5,1237.2,1229.3,1224.5,1228.3,1232.0,1236.1,1241.4,1227.2,1221.0,1214.8,1209.0,1232.0,1225.3,1219.4,1219.4,1220.6,1255.3,1250.2,1247.4,1244.3,1245.9,1248.8,1237.3,1236.9,1236.1,1237.2,1234.7,1235.4,1251.2,1233.7,1226.0,1222.2,1220.6,1226.3,1238.5,1227.0,1220.0,1221.2,1225.1,1235.5,1247.4,1227.5,1223.8,1222.3,1236.6,1222.0,1223.5,1227.8,2.412,0.08,0.183,0.026000000000000002,607.365,416.792,-3.048,-9.613,4.879,2.477,-11.024000000000001,1.8630000000000002,-6.702999999999999,8.589,2.036,-1.9,-14.535,4.582,-2.58,6.532,1.485,1.976,-1.786,-0.6759999999999999,-2.85,-8.38,-2.154,3.495,1.999,-4.249,-3.695,0.522,-0.201,1.136,0.535,0.359,-0.182,-0.621,0.292,0.29600000000000004,0.66,0.53,0.0,0.46,1.0,1.45,0.38,1.28,0.8,0.79,1.1,2.05,0.06,0.63,1.15,0.87,1.16,0.0,0.0,0.0,0.0,1.0,1.0,0.0,1.0,0.0,1.0,1.0,1.0,1.0,0.0,1.0,1.0,0.0,1.0
8,0.23399999999999999,0.98,-0.059832,0.18800799999999998,-0.9803430000000001,-0.23476,0.20276,-0.950672,-0.151,0.2,515.5,519.9,531.2,542.8,547.9,544.6,532.2,520.6,504.9,509.4,517.2,528.0,540.6,551.8,560.5,552.2,540.8,528.7,518.0,509.9,527.5,532.7,537.7,539.7,537.4,532.3,527.2,525.3,663.8,668.1,679.5,691.2,696.5,692.2,680.8,668.3,655.9,663.6,673.5,685.0,695.9,704.8,711.6,705.1,696.5,686.0,674.5,663.8,674.5,680.4,686.1,688.2,685.6,679.7,674.0,671.8,322.9,310.7,305.5,310.3,322.5,335.5,339.9,335.0,325.9,321.1,317.9,316.2,317.6,321.7,327.7,330.1,331.0,331.5,331.1,329.3,328.1,330.3,328.0,322.5,317.2,315.0,317.3,322.7,325.3,314.2,309.5,313.8,324.7,335.7,340.5,337.2,328.8,323.6,320.1,319.1,321.1,324.9,330.1,332.4,333.1,333.1,332.4,331.8,331.4,333.6,331.2,325.7,320.2,318.1,320.4,326.0,-45.3,-43.6,-39.5,-35.2,-33.4,-34.6,-39.1,-43.4,-49.4,-47.6,-44.7,-40.6,-36.0,-32.0,-28.9,-31.8,-36.0,-40.4,-44.4,-47.4,-40.9,-39.0,-37.2,-36.4,-37.3,-39.1,-41.0,-41.7,9.1,10.7,15.1,19.6,21.5,19.9,15.5,10.8,6.1,9.0,12.8,17.2,21.3,24.7,27.4,24.9,21.5,17.5,13.1,9.1,13.1,15.4,17.6,18.4,17.4,15.2,13.0,12.1,-13.5,-17.9,-19.8,-18.0,-13.6,-8.9,-7.3,-9.1,-12.5,-14.2,-15.3,-15.9,-15.4,-13.9,-11.7,-10.8,-10.5,-10.3,-10.5,-11.2,-11.6,-10.8,-11.6,-13.6,-15.6,-16.4,-15.5,-13.6,-13.2,-17.5,-19.3,-17.7,-13.5,-9.3,-7.4,-8.7,-11.9,-13.9,-15.2,-15.6,-14.9,-13.4,-11.5,-10.5,-10.2,-10.2,-10.5,-10.7,-10.9,-10.1,-11.0,-13.1,-15.2,-16.0,-15.1,-13.0,1091.3,1090.5,1089.1,1087.8,1087.4,1088.3,1089.6,1090.9,1097.4,1094.2,1090.6,1088.2,1087.4,1087.6,1088.7,1088.0,1087.7,1088.6,1091.0,1094.4,1090.8,1090.3,1089.6,1089.3,1089.5,1090.0,1090.7,1091.0,1143.4,1145.1,1146.1,1145.7,1144.3,1142.6,1141.6,1142.1,1144.0,1143.3,1142.8,1143.0,1144.3,1146.5,1148.8,1145.5,1142.7,1141.0,1140.9,1142.2,1143.7,1143.5,1144.0,1144.9,1145.6,1145.8,1145.3,1144.4,-12.9,23.2,1237.7,0.057999999999999996,0.156,0.019,460.2,461.4,466.4,473.2,485.6,506.7,532.0,563.7,605.2,649.0,690.6,727.8,758.4,777.8,788.0,794.6,799.2,472.6,491.2,516.1,542.7,568.3,635.2,669.5,700.6,730.6,754.2,602.5,601.1,599.4,598.0,563.9,581.9,601.0,622.5,642.5,502.8,519.7,540.5,560.0,539.5,519.2,653.4,673.8,695.2,714.5,695.8,674.8,536.1,557.6,581.8,601.4,624.4,655.1,685.8,655.6,625.1,600.4,579.9,556.9,546.4,581.9,601.9,625.4,674.2,624.5,600.9,580.9,320.1,363.7,407.2,450.1,492.6,533.8,570.8,601.6,612.8,609.0,589.4,560.9,524.7,481.1,432.9,384.8,337.2,290.7,271.7,265.0,266.9,274.3,275.4,268.7,268.8,277.1,296.0,318.2,347.7,377.1,407.5,425.8,433.0,439.4,432.8,426.4,326.4,317.7,317.6,327.3,331.5,332.1,328.6,319.1,320.4,328.8,333.6,333.0,485.2,471.3,465.9,470.4,466.7,472.8,486.1,504.1,511.8,513.5,511.4,503.8,486.8,481.5,483.7,481.8,486.9,489.9,492.0,489.7,-78.0,-77.5,-75.4,-72.4,-66.8,-57.3,-46.1,-32.1,-14.5,3.8,21.4,37.3,50.5,58.7,62.9,65.6,67.6,-70.6,-62.4,-51.6,-40.2,-29.5,-2.0,12.1,25.0,37.4,47.3,-15.4,-15.9,-16.5,-17.0,-31.3,-23.8,-15.9,-7.1,1.0,-57.5,-50.2,-41.5,-33.3,-41.8,-50.4,5.5,14.0,22.8,30.8,23.0,14.4,-43.4,-33.9,-23.8,-15.8,-6.4,6.2,19.0,6.4,-6.1,-16.1,-24.6,-34.3,-39.0,-23.8,-15.6,-6.0,14.1,-6.3,-16.0,-24.2,-17.3,1.6,20.5,39.1,57.3,74.7,89.9,101.6,105.6,104.1,96.8,85.4,70.2,51.6,31.0,10.5,-9.7,-29.2,-37.0,-39.5,-38.5,-35.3,-34.7,-37.5,-37.6,-34.2,-26.5,-17.1,-5.0,6.9,19.2,27.1,29.9,32.4,29.7,27.1,-14.1,-17.7,-17.7,-13.6,-11.9,-11.6,-13.0,-16.9,-16.4,-12.9,-10.9,-11.2,52.3,45.9,43.3,45.1,43.5,46.2,52.3,59.1,61.8,62.6,61.9,59.3,52.9,49.8,50.6,49.8,52.5,53.0,53.9,53.1,1301.3,1301.1,1302.0,1301.8,1297.6,1289.9,1279.1,1261.5,1253.0,1254.9,1265.9,1275.7,1278.9,1277.5,1274.6,1273.6,1275.0,1265.7,1257.4,1248.7,1240.8,1234.1,1228.5,1232.5,1235.7,1239.1,1243.3,1231.0,1224.7,1218.3,1212.5,1234.4,1228.0,1222.7,1223.0,1224.5,1257.7,1252.8,1250.0,1247.1,1248.7,1251.6,1240.6,1240.2,1239.5,1240.6,1238.1,1238.7,1254.4,1236.4,1228.5,1225.4,1224.0,1230.4,1243.8,1230.6,1222.4,1222.8,1226.2,1237.0,1250.8,1230.4,1227.2,1226.1,1241.4,1224.5,1225.2,1229.0,2.406,0.083,0.17600000000000002,0.017,609.1,416.272,-3.585,-5.53,1.72,-0.37,-13.22,4.016,-7.1739999999999995,9.704,-0.6409999999999999,-4.904,-15.184000000000001,6.73,-3.986,1.422,1.9240000000000002,0.47600000000000003,-3.012,-2.151,1.55,-6.831,-2.266,2.906,3.2119999999999997,-3.8760000000000003,-4.178999999999999,0.715,-0.33799999999999997,1.168,0.239,0.196,0.168,-0.815,-0.065,-0.115,0.65,0.52,0.0,0.37,1.06,1.55,0.4,1.22,0.78,0.8,1.1,2.01,0.06,0.59,1.25,0.95,1.13,0.0,0.0,0.0,0.0,1.0,1.0,0.0,1.0,0.0,1.0,1.0,1.0,1.0,0.0,1.0,1.0,0.0,1.0
9,0.267,0.98,-0.072436,0.183081,-0.980426,-0.254894,0.19553900000000002,-0.9469920000000001,-0.168,0.19399999999999998,515.9,520.2,531.5,543.0,548.1,544.8,532.5,521.0,505.4,509.8,517.5,528.2,540.8,552.0,560.8,552.4,540.9,528.8,518.2,510.3,527.9,533.0,538.0,540.0,537.7,532.6,527.5,525.6,663.3,667.9,679.5,691.4,696.7,692.1,680.5,667.7,655.5,663.4,673.5,685.2,696.1,705.1,712.0,705.5,696.7,685.9,674.2,663.4,674.2,680.1,685.9,688.2,685.6,679.6,673.9,671.6,323.2,310.9,305.6,310.5,322.6,335.6,340.1,335.3,325.7,321.0,317.8,316.1,317.5,321.5,327.3,330.0,331.0,331.6,331.2,329.3,328.3,330.5,328.2,322.7,317.3,315.1,317.5,323.0,325.3,314.1,309.3,313.7,324.9,336.1,340.9,337.5,328.6,323.4,320.1,319.1,321.1,324.9,330.1,332.5,333.3,333.1,332.5,331.7,331.6,333.8,331.5,325.9,320.3,318.1,320.4,326.0,-45.1,-43.5,-39.4,-35.1,-33.3,-34.5,-39.0,-43.2,-49.2,-47.4,-44.5,-40.5,-35.9,-31.9,-28.7,-31.7,-35.9,-40.3,-44.3,-47.3,-40.7,-38.8,-37.0,-36.3,-37.1,-39.0,-40.8,-41.6,8.8,10.5,14.9,19.4,21.4,19.6,15.2,10.4,5.9,8.8,12.6,17.0,21.2,24.6,27.2,24.7,21.3,17.2,12.8,8.8,12.9,15.1,17.3,18.2,17.2,15.0,12.8,11.9,-13.4,-17.8,-19.7,-17.9,-13.6,-8.8,-7.2,-9.0,-12.5,-14.2,-15.3,-15.9,-15.4,-13.9,-11.8,-10.9,-10.5,-10.3,-10.5,-11.2,-11.5,-10.7,-11.6,-13.5,-15.5,-16.3,-15.4,-13.5,-13.1,-17.3,-19.2,-17.5,-13.2,-9.0,-7.2,-8.5,-11.8,-13.8,-15.0,-15.4,-14.7,-13.2,-11.3,-10.4,-10.1,-10.1,-10.4,-10.7,-10.7,-9.9,-10.8,-12.9,-15.0,-15.8,-14.9,-12.8,1090.4,1089.7,1088.2,1086.8,1086.4,1087.3,1088.6,1090.0,1096.6,1093.3,1089.7,1087.3,1086.4,1086.6,1087.5,1086.9,1086.6,1087.6,1090.1,1093.5,1089.9,1089.3,1088.6,1088.3,1088.5,1089.1,1089.8,1090.1,1130.0,1131.6,1132.5,1132.1,1130.7,1129.1,1128.2,1128.7,1130.8,1130.0,1129.6,1129.7,1130.9,1133.1,1135.3,1132.1,1129.4,1127.7,1127.7,1129.0,1130.3,1130.1,1130.6,1131.4,1132.1,1132.3,1131.8,1131.0,-13.5,23.4,1239.8,0.049,0.17300000000000001,0.028999999999999998,463.0,464.7,469.6,475.2,485.0,503.9,527.8,558.3,599.8,644.6,688.1,725.9,756.7,776.5,787.1,795.2,801.4,471.7,490.0,515.2,542.2,568.5,633.6,668.5,700.4,731.6,756.6,602.1,600.3,598.3,596.4,562.8,580.4,599.0,620.8,640.6,503.0,520.1,540.8,560.3,539.6,519.5,653.3,673.9,695.3,714.7,695.8,674.9,532.8,552.9,576.8,597.8,623.2,653.9,683.7,653.6,622.4,595.3,573.2,551.0,542.7,576.3,597.9,623.6,672.4,622.5,596.5,574.9,319.2,363.7,407.2,449.6,491.6,532.2,568.6,598.9,610.8,608.4,590.7,563.1,527.0,483.2,434.9,386.1,337.6,293.3,273.2,266.5,268.0,275.0,276.0,269.0,269.1,276.9,295.6,318.1,347.3,376.5,406.7,424.5,432.0,438.7,432.4,426.1,326.5,317.8,317.6,327.5,331.2,331.8,329.0,319.0,320.1,328.9,333.6,333.0,484.9,470.0,465.2,470.4,467.0,473.7,488.2,505.7,514.0,515.5,512.7,503.8,486.2,479.4,482.3,480.9,488.7,493.6,495.6,492.7,-77.0,-76.1,-74.0,-71.6,-67.1,-58.6,-47.9,-34.4,-16.8,1.9,20.3,36.5,49.7,58.1,62.5,66.0,68.8,-71.3,-63.1,-52.1,-40.5,-29.4,-2.6,11.7,24.9,37.9,48.4,-15.6,-16.2,-17.0,-17.6,-31.8,-24.5,-16.7,-7.8,0.3,-57.5,-50.2,-41.4,-33.2,-41.9,-50.4,5.5,14.0,22.9,30.9,23.1,14.4,-44.9,-36.0,-26.0,-17.3,-6.9,5.7,18.1,5.6,-7.2,-18.3,-27.4,-36.8,-40.6,-26.2,-17.3,-6.7,13.4,-7.2,-17.8,-26.7,-17.8,1.6,20.5,38.9,57.0,74.1,89.1,100.5,104.7,103.8,97.3,86.3,71.1,52.5,31.8,11.1,-9.5,-28.2,-36.5,-39.0,-38.1,-35.0,-34.4,-37.4,-37.5,-34.4,-26.7,-17.2,-5.2,6.7,18.9,26.6,29.5,32.1,29.5,27.0,-14.1,-17.7,-17.7,-13.5,-12.0,-11.8,-12.8,-17.0,-16.5,-12.9,-10.9,-11.1,52.3,45.5,43.2,45.2,43.7,46.7,53.2,59.8,62.8,63.5,62.6,59.5,52.7,49.0,50.1,49.5,53.3,54.6,55.5,54.5,1304.3,1302.9,1303.0,1302.5,1298.7,1291.8,1281.0,1262.2,1252.2,1253.5,1264.9,1274.6,1278.1,1277.3,1274.9,1274.9,1277.6,1270.4,1261.5,1251.7,1242.5,1234.6,1229.7,1233.3,1236.6,1240.5,1245.5,1232.2,1226.2,1220.2,1214.6,1237.3,1230.4,1224.4,1224.2,1225.3,1260.4,1255.3,1252.5,1249.4,1251.0,1254.0,1242.1,1241.7,1240.7,1241.6,1239.3,1240.1,1256.6,1239.3,1231.4,1227.5,1225.8,1231.5,1243.5,1231.5,1224.2,1225.4,1229.5,1240.3,1252.8,1232.6,1228.8,1227.3,1241.6,1226.5,1227.9,1232.4,2.403,0.073,0.19399999999999998,0.027999999999999997,607.591,416.534,-5.726,-8.817,4.086,-0.257,-10.71,3.096,-8.327,7.7829999999999995,2.2769999999999997,-1.5419999999999998,-15.134,5.593,-4.051,6.632000000000001,1.6880000000000002,1.8940000000000001,-1.1640000000000001,-1.0659999999999998,-2.5789999999999997,-7.689,-2.504,3.9019999999999997,2.716,-4.331,-3.6010000000000004,0.588,-0.205,1.291,0.578,0.47200000000000003,-0.18600000000000003,-0.7120000000000001,0.302,0.387,0.73,0.53,0.0,0.38,1.09,1.61,0.44,1.37,0.82,0.93,1.07,2.13,0.01,0.64,1.11,0.97,1.15,0.0,0.0,0.0,0.0,1.0,1.0,0.0,1.0,1.0,1.0,1.0,1.0,0.0,1.0,1.0,1.0,0.0,1.0
10,0.3,0.98,-0.07245599999999999,0.193936,-0.9783350000000001,-0.222948,0.208146,-0.952349,-0.152,0.205,516.1,520.4,531.7,543.2,548.4,545.1,532.8,521.3,505.6,510.1,517.8,528.4,540.9,552.6,562.0,553.6,542.1,530.0,519.0,510.7,528.2,533.3,538.2,540.1,537.9,532.8,527.8,526.0,665.0,669.3,680.5,692.2,697.4,693.1,681.8,669.4,656.7,664.3,674.1,685.6,696.5,705.5,712.4,705.7,697.0,686.4,675.0,664.5,675.3,681.4,687.3,689.5,686.8,680.7,674.8,672.6,322.9,310.7,305.5,310.5,322.6,335.6,340.0,335.1,325.5,321.1,317.8,316.1,317.5,321.5,327.2,330.0,331.0,331.8,331.5,329.5,328.1,330.2,328.0,322.6,317.3,315.1,317.4,322.7,325.4,314.4,309.6,313.9,324.8,335.8,340.5,337.3,329.2,323.8,320.1,318.9,320.9,324.8,330.0,332.3,333.0,333.1,332.5,332.0,331.8,334.0,331.6,325.8,320.1,317.8,320.3,326.1,-44.7,-43.1,-39.0,-34.8,-32.9,-34.1,-38.6,-42.8,-48.8,-47.0,-44.0,-40.1,-35.6,-31.4,-28.1,-31.0,-35.2,-39.6,-43.6,-46.7,-40.3,-38.4,-36.6,-36.0,-36.8,-38.6,-40.4,-41.1,9.5,11.2,15.5,20.0,21.9,20.3,16.0,11.2,6.4,9.3,13.0,17.4,21.6,25.1,27.8,25.2,21.8,17.7,13.4,9.4,13.5,15.8,18.1,19.0,17.9,15.6,13.3,12.5,-13.4,-17.8,-19.6,-17.8,-13.4,-8.8,-7.2,-9.0,-12.5,-14.1,-15.2,-15.8,-15.3,-13.8,-11.8,-10.8,-10.4,-10.1,-10.3,-11.0,-11.5,-10.7,-11.5,-13.5,-15.4,-16.2,-15.4,-13.4,-13.2,-17.5,-19.3,-17.6,-13.5,-9.2,-7.4,-8.7,-11.8,-13.8,-15.2,-15.7,-15.0,-13.5,-11.5,-10.6,-10.3,-10.3,-10.5,-10.7,-10.8,-9.9,-10.9,-13.1,-15.3,-16.2,-15.2,-13.0,1081.9,1081.0,1079.5,1078.2,1077.9,1078.9,1080.3,1081.6,1088.3,1084.9,1081.2,1078.7,1077.8,1078.1,1079.2,1078.5,1078.2,1079.1,1081.5,1085.0,1081.4,1080.9,1080.2,1079.8,1079.9,1080.5,1081.2,1081.6,1146.3,1147.9,1148.8,1148.5,1147.1,1145.5,1144.6,1145.0,1147.1,1146.3,1145.8,1146.0,1147.2,1149.4,1151.7,1148.4,1145.6,1143.9,1144.0,1145.3,1146.5,1146.4,1146.9,1147.8,1148.5,1148.6,1148.1,1147.3,-12.6,23.2,1237.5,0.06,0.158,0.019,460.6,461.8,467.0,473.8,486.4,507.6,532.7,564.3,605.6,649.3,691.2,728.6,759.3,778.7,788.8,795.4,800.0,473.0,491.5,516.5,543.2,568.9,635.7,670.0,701.1,731.3,755.0,603.2,601.7,600.1,598.6,564.4,582.5,601.6,623.2,643.2,503.6,520.6,541.4,560.9,540.4,520.0,653.9,674.3,695.8,715.2,696.5,675.4,536.4,558.0,582.2,601.9,625.1,655.8,686.7,656.0,625.3,600.4,579.8,557.0,546.6,582.2,602.3,626.0,674.9,624.7,601.0,580.9,319.1,363.0,406.9,450.1,492.7,534.0,571.1,601.7,612.6,608.8,589.4,560.8,524.3,480.5,432.0,383.6,335.7,291.1,271.7,265.0,266.9,274.3,275.4,268.7,269.0,277.3,296.5,318.2,347.7,377.1,407.6,425.6,432.9,439.3,432.7,426.4,326.3,317.5,317.5,327.3,331.5,332.1,328.7,319.0,320.4,328.8,333.6,333.0,485.1,471.2,465.6,470.2,466.4,472.6,486.1,503.8,511.4,513.1,510.9,503.4,486.8,481.3,483.5,481.5,487.0,489.5,491.6,489.2,-77.8,-77.3,-75.1,-72.1,-66.4,-56.9,-45.8,-31.8,-14.4,3.9,21.6,37.7,50.8,59.0,63.2,65.9,68.0,-70.4,-62.2,-51.4,-40.0,-29.2,-1.8,12.3,25.2,37.7,47.6,-15.1,-15.6,-16.2,-16.7,-31.1,-23.5,-15.6,-6.8,1.3,-57.2,-49.9,-41.1,-32.9,-41.5,-50.1,5.8,14.2,23.1,31.1,23.3,14.6,-43.3,-33.8,-23.7,-15.6,-6.1,6.5,19.4,6.6,-6.0,-16.1,-24.6,-34.2,-39.0,-23.7,-15.4,-5.7,14.5,-6.2,-15.9,-24.2,-17.8,1.3,20.4,39.1,57.4,74.8,90.0,101.6,105.5,104.1,96.8,85.4,70.0,51.3,30.6,10.0,-10.3,-29.1,-37.0,-39.6,-38.5,-35.2,-34.6,-37.5,-37.5,-34.1,-26.3,-17.2,-5.0,6.9,19.2,27.0,29.8,32.3,29.6,27.1,-14.1,-17.7,-17.7,-13.6,-11.9,-11.6,-13.0,-16.9,-16.4,-12.9,-10.9,-11.1,52.3,45.8,43.3,45.0,43.4,46.2,52.3,59.0,61.6,62.4,61.7,59.1,52.9,49.7,50.5,49.7,52.5,52.8,53.7,52.9,1301.7,1301.4,1302.1,1301.6,1297.4,1289.7,1278.8,1261.2,1252.7,1254.7,1265.8,1275.6,1278.8,1277.2,1274.2,1273.0,1274.4,1265.6,1257.3,1248.4,1240.6,1233.9,1228.1,1232.1,1235.1,1238.4,1242.6,1230.8,1224.6,1218.4,1212.7,1234.5,1228.1,1222.7,1223.0,1224.5,1257.4,1252.5,1249.8,1246.9,1248.4,1251.3,1240.2,1239.7,1239.0,1240.0,1237.7,1238.3,1254.7,1236.6,1228.7,1225.5,1224.0,1230.4,1243.8,1230.3,1221.8,1222.3,1225.8,1236.8,1251.0,1230.5,1227.2,1226.1,1241.3,1224.0,1224.8,1228.7,2.406,0.085,0.179,0.017,609.66,416.116,-3.622,-5.263,1.58,-1.3319999999999999,-13.46,4.812,-7.506,8.947000000000001,-1.034,-5.461,-15.886,6.5120000000000005,-4.152,1.692,1.358,0.736,-2.121,-2.259,1.704,-6.968999999999999,-2.234,2.707,3.199,-4.199,-4.138,0.7440000000000001,0.14,1.337,0.264,0.233,0.212,-0.6990000000000001,-0.033,-0.157,0.75,0.52,0.0,0.49,1.12,1.71,0.43,1.27,0.82,0.93,1.12,2.06,0.0,0.61,1.18,0.98,1.13,0.0,0.0,0.0,0.0,1.0,1.0,0.0,1.0,0.0,1.0,1.0,1.0,1.0,0.0,1.0,1.0,0.0,1.0
11,0.33399999999999996,0.98,-0.063984,0.180449,-0.9815010000000001,-0.245613,0.198104,-0.948909,-0.159,0.19399999999999998,516.5,521.0,532.3,543.8,548.7,545.3,532.9,521.4,505.9,510.5,518.2,529.0,541.5,552.1,560.3,552.1,540.9,528.9,518.6,510.8,528.3,533.5,538.5,540.5,538.3,533.2,528.1,526.1,664.6,669.0,680.5,692.4,697.6,693.2,681.7,669.0,656.1,664.0,674.1,685.8,696.8,705.9,713.1,706.4,697.5,686.6,675.0,664.1,675.2,681.3,687.2,689.4,686.7,680.7,674.7,672.5,323.0,310.8,305.6,310.5,322.5,335.5,339.9,335.0,325.9,320.9,317.7,316.0,317.5,321.7,328.1,330.3,331.1,331.6,331.0,329.1,328.3,330.4,328.1,322.7,317.3,315.1,317.4,322.9,325.2,314.2,309.5,313.9,324.8,335.9,340.6,337.3,328.7,323.6,320.2,319.0,321.0,324.9,330.0,332.4,333.1,333.0,332.4,331.8,331.7,334.0,331.6,325.9,320.2,318.0,320.4,326.0,-45.7,-44.0,-39.8,-35.5,-33.7,-35.0,-39.6,-43.9,-49.9,-48.1,-45.1,-41.0,-36.4,-32.4,-29.4,-32.4,-36.6,-41.0,-44.9,-47.9,-41.3,-39.4,-37.5,-36.8,-37.6,-39.5,-41.4,-42.2,9.2,10.9,15.2,19.7,21.6,19.9,15.6,10.8,6.0,9.0,12.8,17.2,21.3,24.8,27.5,24.9,21.5,17.5,13.1,9.0,13.2,15.5,17.7,18.6,17.6,15.3,13.0,12.2,-13.7,-18.2,-20.1,-18.3,-13.8,-9.0,-7.4,-9.2,-12.7,-14.5,-15.6,-16.2,-15.7,-14.1,-11.8,-11.0,-10.7,-10.5,-10.7,-11.5,-11.7,-10.9,-11.8,-13.8,-15.8,-16.6,-15.8,-13.7,-13.0,-17.2,-19.0,-17.3,-13.2,-9.0,-7.3,-8.5,-11.8,-13.6,-14.9,-15.4,-14.7,-13.2,-11.3,-10.4,-10.1,-10.1,-10.3,-10.6,-10.6,-9.8,-10.7,-12.8,-14.9,-15.8,-14.9,-12.7,1110.6,1110.0,1108.6,1107.3,1106.8,1107.6,1108.8,1110.1,1116.4,1113.3,1109.9,1107.6,1106.8,1107.0,1107.9,1107.3,1107.0,1107.9,1110.3,1113.5,1110.2,1109.6,1109.0,1108.7,1108.9,1109.5,1110.1,1110.4,1124.9,1126.6,1127.6,1127.2,1125.6,1123.9,1122.9,1123.5,1125.7,1124.9,1124.4,1124.6,1125.8,1128.0,1130.3,1126.9,1124.1,1122.4,1122.4,1123.8,1125.1,1124.9,1125.4,1126.3,1127.1,1127.3,1126.8,1125.8,-13.2,23.3,1240.5,0.055,0.175,0.027999999999999997,462.9,464.5,469.5,475.2,485.7,505.5,529.8,560.3,601.3,645.4,688.3,725.9,757.0,777.3,788.3,796.5,802.9,472.1,490.8,516.0,543.0,569.2,634.6,669.6,701.3,732.4,757.4,602.8,601.0,599.1,597.3,563.3,581.0,599.7,621.5,641.5,503.4,520.5,541.3,560.5,539.9,519.7,654.1,674.6,696.0,715.5,696.6,675.7,533.4,553.9,577.8,598.6,623.7,654.6,684.8,654.1,622.7,595.9,574.1,551.9,543.4,577.3,598.7,624.1,673.4,622.9,597.2,575.8,317.9,362.7,406.6,449.5,491.9,532.9,569.5,599.7,611.3,608.5,590.4,562.7,526.6,482.9,434.3,385.3,336.6,293.4,273.3,266.6,268.1,275.0,275.9,269.2,269.3,277.1,295.9,318.2,347.4,376.6,406.9,424.4,431.9,438.6,432.3,426.0,326.5,317.9,317.7,327.6,331.4,331.9,329.0,319.0,320.1,328.8,333.6,333.1,484.4,469.8,465.0,470.0,466.7,473.2,487.6,505.1,513.3,514.9,512.2,503.4,485.8,479.1,481.9,480.5,488.1,493.0,495.1,492.3,-77.0,-76.3,-74.1,-71.6,-66.8,-57.9,-47.1,-33.6,-16.2,2.2,20.4,36.5,49.8,58.4,63.0,66.5,69.3,-71.1,-62.8,-51.7,-40.2,-29.1,-2.2,12.2,25.3,38.2,48.7,-15.3,-15.9,-16.7,-17.3,-31.6,-24.2,-16.5,-7.5,0.6,-57.4,-50.0,-41.2,-33.1,-41.7,-50.3,5.8,14.3,23.2,31.2,23.4,14.7,-44.7,-35.6,-25.5,-16.9,-6.7,6.0,18.6,5.8,-7.0,-18.0,-27.0,-36.4,-40.4,-25.8,-16.9,-6.5,13.8,-7.0,-17.5,-26.4,-18.3,1.2,20.3,38.9,57.1,74.5,89.5,100.9,105.0,103.9,97.2,86.1,71.0,52.3,31.6,10.7,-10.0,-28.2,-36.4,-39.0,-38.1,-35.0,-34.5,-37.4,-37.4,-34.3,-26.6,-17.2,-5.2,6.7,19.0,26.6,29.5,32.1,29.5,27.0,-14.1,-17.6,-17.7,-13.5,-11.9,-11.7,-12.9,-17.0,-16.5,-12.9,-10.9,-11.1,52.2,45.4,43.1,45.1,43.6,46.5,52.9,59.6,62.6,63.3,62.4,59.3,52.6,49.0,50.0,49.3,53.1,54.4,55.3,54.4,1304.9,1303.7,1303.9,1303.3,1299.3,1292.3,1281.8,1263.3,1253.6,1254.6,1265.5,1274.9,1278.0,1277.0,1274.7,1274.8,1277.3,1270.3,1261.5,1251.9,1242.9,1235.3,1230.1,1233.7,1236.7,1240.4,1245.3,1232.6,1226.7,1220.9,1215.5,1237.9,1231.0,1225.1,1224.9,1225.9,1260.6,1255.6,1252.8,1249.6,1251.2,1254.2,1242.2,1241.8,1240.8,1241.6,1239.4,1240.2,1257.8,1240.3,1232.3,1228.5,1226.8,1232.6,1244.7,1232.6,1225.1,1226.2,1230.2,1241.3,1254.0,1233.5,1229.8,1228.2,1242.8,1227.3,1228.7,1233.1,2.4019999999999997,0.079,0.19699999999999998,0.027000000000000003,608.325,416.365,-7.114,-8.083,4.602,-1.7890000000000001,-10.064,3.4960000000000004,-8.044,7.032,1.9,-2.813,-15.675,6.632999999999999,-4.334,6.132000000000001,1.422,2.013,-1.633,-0.8640000000000001,-1.876,-7.35,-2.793,3.738,2.885,-4.489,-3.7889999999999997,0.474,0.057999999999999996,1.256,0.5770000000000001,0.5660000000000001,-0.22,-0.775,0.263,0.316,0.81,0.57,0.0,0.47,1.12,1.61,0.42,1.42,0.88,0.96,1.07,2.11,0.0,0.68,1.03,0.98,1.08,0.0,0.0,0.0,0.0,1.0,1.0,0.0,1.0,1.0,1.0,1.0,1.0,1.0,0.0,1.0,1.0,0.0,1.0
12,0.36700000000000005,0.98,-0.063288,0.18498499999999998,-0.980701,-0.223791,0.1973,-0.954458,-0.147,0.195,516.8,521.2,532.5,544.1,549.1,545.7,533.3,521.8,506.2,510.9,518.7,529.4,541.8,552.8,561.5,553.2,541.9,530.0,519.4,511.3,528.7,533.8,538.9,540.9,538.7,533.5,528.4,526.4,664.9,669.2,680.7,692.6,698.0,693.7,682.2,669.4,656.2,664.2,674.5,686.1,696.9,705.9,712.9,706.4,697.7,686.9,675.2,664.3,675.6,681.6,687.4,689.6,686.9,680.9,675.1,672.9,322.8,310.6,305.3,310.2,322.2,335.2,339.7,334.8,325.6,320.9,317.7,316.0,317.4,321.6,327.7,330.1,330.9,331.5,331.0,329.1,328.0,330.2,327.9,322.4,317.0,314.8,317.1,322.6,324.9,313.9,309.3,313.8,324.7,335.6,340.2,336.9,328.7,323.5,320.0,318.9,320.9,324.9,330.2,332.4,332.9,332.8,332.2,331.7,331.3,333.6,331.3,325.7,320.2,317.9,320.2,325.8,-45.2,-43.6,-39.4,-35.1,-33.2,-34.5,-39.1,-43.4,-49.4,-47.5,-44.5,-40.5,-35.9,-31.9,-28.8,-31.8,-35.9,-40.3,-44.2,-47.3,-40.8,-38.9,-37.0,-36.3,-37.1,-39.0,-40.9,-41.7,9.3,11.0,15.3,19.7,21.7,20.1,15.8,11.0,6.1,9.1,12.9,17.2,21.3,24.7,27.4,24.9,21.6,17.5,13.2,9.1,13.3,15.6,17.8,18.6,17.6,15.3,13.1,12.3,-13.7,-18.1,-20.0,-18.2,-13.8,-9.1,-7.5,-9.2,-12.7,-14.4,-15.5,-16.1,-15.6,-14.0,-11.8,-10.9,-10.6,-10.4,-10.6,-11.4,-11.7,-10.9,-11.8,-13.8,-15.8,-16.6,-15.7,-13.7,-13.2,-17.3,-19.0,-17.3,-13.2,-9.1,-7.4,-8.7,-11.7,-13.6,-15.0,-15.4,-14.7,-13.2,-11.2,-10.4,-10.1,-10.2,-10.4,-10.6,-10.7,-9.9,-10.8,-12.8,-14.9,-15.8,-14.9,-12.8,1100.9,1100.3,1098.9,1097.6,1097.1,1097.9,1099.1,1100.4,1106.8,1103.6,1100.1,1097.8,1097.0,1097.2,1098.3,1097.6,1097.3,1098.1,1100.4,1103.7,1100.5,1099.9,1099.2,1098.9,1099.2,1099.8,1100.4,1100.7,1123.0,1125.0,1126.1,1125.8,1124.2,1122.3,1121.2,1121.6,1123.7,1123.0,1122.7,1123.0,1124.3,1126.6,1129.0,1125.4,1122.5,1120.7,1120.6,1121.8,1123.3,1123.2,1123.8,1124.8,1125.5,1125.7,1125.1,1124.1,-12.4,23.1,1237.2,0.055999999999999994,0.155,0.02,461.1,462.2,467.2,474.0,486.6,508.0,533.3,565.2,606.8,650.5,692.1,729.1,759.5,778.9,789.1,795.7,800.2,473.8,492.6,517.5,543.9,569.4,636.5,670.9,702.0,732.1,755.7,603.9,602.5,600.9,599.5,564.9,583.1,602.4,624.1,644.2,504.1,521.0,541.8,561.3,540.7,520.4,654.3,674.8,696.2,715.5,696.8,675.8,536.7,558.5,582.9,602.6,625.8,656.7,688.0,657.0,626.2,601.3,580.7,557.7,546.9,582.9,603.0,626.7,676.2,625.6,601.9,581.8,319.4,363.0,406.7,449.8,492.3,533.6,570.8,601.3,612.3,608.6,589.4,561.0,524.8,481.3,433.1,384.9,337.3,290.3,271.5,264.8,266.8,274.2,275.3,268.7,268.9,277.2,296.2,318.2,347.7,377.0,407.5,425.5,432.7,439.2,432.6,426.1,326.2,317.5,317.5,327.3,331.3,331.9,328.6,319.0,320.3,328.8,333.4,332.8,484.7,470.9,465.5,470.1,466.3,472.4,485.8,503.2,510.6,512.2,510.1,502.7,486.3,480.9,483.1,481.1,486.6,489.2,491.2,489.0,-77.6,-77.1,-75.0,-72.0,-66.3,-56.8,-45.5,-31.4,-13.9,4.4,22.0,37.9,50.9,59.1,63.4,66.1,68.1,-70.1,-61.7,-51.0,-39.7,-29.1,-1.4,12.7,25.5,38.0,48.0,-14.8,-15.3,-15.9,-16.4,-30.9,-23.3,-15.3,-6.5,1.7,-57.0,-49.7,-40.9,-32.7,-41.3,-49.9,5.9,14.4,23.2,31.2,23.4,14.8,-43.2,-33.6,-23.4,-15.3,-5.8,6.9,19.9,7.0,-5.6,-15.8,-24.2,-33.9,-38.8,-23.4,-15.1,-5.4,15.0,-5.9,-15.6,-23.8,-17.6,1.3,20.3,39.0,57.2,74.6,89.8,101.4,105.3,103.9,96.7,85.5,70.3,51.7,31.1,10.6,-9.6,-29.4,-37.1,-39.6,-38.5,-35.3,-34.7,-37.5,-37.5,-34.2,-26.4,-17.2,-5.0,6.9,19.2,26.9,29.8,32.3,29.6,27.0,-14.2,-17.7,-17.7,-13.6,-11.9,-11.7,-13.0,-17.0,-16.4,-12.9,-11.0,-11.2,52.1,45.7,43.2,44.9,43.4,46.1,52.1,58.7,61.3,62.0,61.3,58.8,52.7,49.5,50.3,49.5,52.4,52.7,53.6,52.8,1301.7,1301.3,1301.9,1301.4,1297.2,1289.6,1278.9,1261.0,1252.2,1253.9,1265.3,1275.3,1278.6,1277.2,1274.4,1273.4,1275.1,1265.0,1256.8,1248.1,1240.3,1233.6,1227.8,1232.1,1235.5,1239.1,1243.5,1230.4,1224.2,1217.8,1212.0,1234.0,1227.6,1222.1,1222.4,1224.0,1257.1,1252.3,1249.6,1246.7,1248.1,1251.0,1240.3,1239.9,1239.3,1240.4,1237.8,1238.3,1254.6,1236.2,1228.2,1225.0,1223.6,1230.2,1244.1,1230.1,1221.4,1221.8,1225.3,1236.5,1250.9,1229.9,1226.7,1225.6,1241.5,1223.7,1224.5,1228.3,2.407,0.08199999999999999,0.175,0.018000000000000002,610.313,415.97900000000004,-2.463,-4.676,2.6319999999999997,-1.128,-13.274000000000001,5.015,-7.495,9.927,-1.092,-4.699,-15.780999999999999,7.425,-4.78,1.296,1.985,1.285,-2.387,-2.112,1.544,-6.977,-2.639,3.1069999999999998,3.326,-4.197,-4.223,0.851,-0.299,1.2109999999999999,0.303,0.233,0.2,-0.872,-0.040999999999999995,-0.161,0.76,0.56,0.0,0.42,1.09,1.55,0.4,1.27,0.88,0.93,1.14,2.06,0.04,0.63,1.18,1.05,1.09,0.0,0.0,0.0,0.0,1.0,1.0,0.0,1.0,0.0,1.0,1.0,1.0,1.0,0.0,1.0,1.0,0.0,1.0
13,0.4,0.98,-0.059258000000000005,0.17208900000000002,-0.983298,-0.249469,0.192075,-0.9491430000000001,-0.158,0.18600000000000003,517.1,521.6,532.8,544.3,549.2,545.8,533.5,522.1,506.8,511.2,518.8,529.5,542.0,552.4,560.1,551.9,540.9,529.1,519.1,511.6,528.9,534.1,539.1,541.2,538.9,533.8,528.7,526.6,665.9,670.3,681.6,693.0,697.9,693.5,682.3,670.0,658.2,665.6,675.3,686.7,697.5,706.5,713.3,706.7,697.9,687.4,676.1,665.8,676.2,682.0,687.8,690.0,687.5,681.7,675.9,673.7,322.8,310.6,305.4,310.3,322.4,335.3,339.7,334.8,325.8,320.8,317.7,316.0,317.4,321.7,328.3,330.3,331.1,331.4,330.7,328.8,328.1,330.3,328.0,322.5,317.0,314.8,317.2,322.7,325.2,314.3,309.7,314.0,324.8,335.7,340.3,337.0,329.1,323.8,320.1,318.9,320.9,324.9,330.1,332.4,333.1,333.0,332.5,331.9,331.4,333.6,331.3,325.7,320.2,318.0,320.4,325.9,-45.8,-44.1,-39.9,-35.6,-33.7,-35.0,-39.6,-44.0,-49.9,-48.1,-45.2,-41.1,-36.4,-32.6,-29.7,-32.7,-36.8,-41.3,-45.1,-48.0,-41.4,-39.5,-37.6,-36.8,-37.6,-39.6,-41.5,-42.3,10.0,11.8,16.1,20.5,22.4,20.7,16.3,11.6,7.0,9.9,13.7,18.1,22.3,25.8,28.5,25.9,22.4,18.3,14.0,10.0,14.0,16.3,18.5,19.4,18.4,16.2,13.9,13.0,-13.9,-18.4,-20.3,-18.5,-14.0,-9.2,-7.6,-9.4,-12.8,-14.7,-15.8,-16.4,-15.8,-14.2,-11.8,-11.0,-10.7,-10.6,-10.9,-11.7,-11.9,-11.1,-11.9,-14.0,-16.0,-16.8,-16.0,-13.9,-13.5,-17.7,-19.5,-17.8,-13.6,-9.4,-7.6,-8.9,-12.0,-14.0,-15.4,-15.9,-15.1,-13.6,-11.6,-10.7,-10.4,-10.4,-10.6,-10.9,-11.1,-10.2,-11.1,-13.3,-15.4,-16.3,-15.4,-13.2,1118.8,1118.2,1116.7,1115.4,1114.9,1115.8,1117.0,1118.4,1124.3,1121.3,1117.9,1115.6,1114.7,1114.9,1115.8,1115.3,1115.0,1116.0,1118.4,1121.6,1118.4,1117.8,1117.1,1116.8,1117.0,1117.6,1118.3,1118.6,1161.1,1162.7,1163.4,1163.0,1161.6,1160.0,1159.3,1159.9,1161.9,1161.1,1160.5,1160.6,1161.7,1163.9,1166.1,1162.9,1160.2,1158.6,1158.7,1160.1,1161.3,1161.1,1161.5,1162.3,1163.0,1163.2,1162.8,1162.0,-13.0,23.4,1246.2,0.047,0.179,0.028999999999999998,463.6,465.4,470.4,475.8,485.9,505.6,530.2,561.3,602.5,646.5,689.3,726.8,757.5,777.2,787.8,795.8,802.0,472.5,491.2,516.6,543.7,570.2,635.4,670.2,701.6,732.5,757.4,603.6,601.8,599.9,598.2,564.5,582.0,600.6,622.2,642.0,504.0,521.0,541.7,560.7,540.2,520.3,655.2,675.5,696.9,716.0,697.4,676.6,534.1,554.9,579.1,599.4,623.8,654.7,685.5,654.4,623.0,596.9,575.5,553.0,544.1,578.7,599.6,624.3,673.9,623.1,598.1,577.2,318.5,362.9,406.5,449.1,491.7,532.7,569.2,599.5,610.9,607.8,589.6,562.2,526.7,483.6,435.7,387.4,339.5,293.4,273.1,266.3,267.8,275.1,276.3,269.4,269.4,276.6,294.9,318.1,347.2,376.3,406.5,424.4,431.7,438.3,431.9,425.4,326.5,317.9,317.7,327.5,331.4,331.8,328.9,319.1,320.1,328.9,333.6,333.1,484.1,469.7,464.9,469.8,466.5,472.8,487.1,504.6,512.4,513.9,511.6,503.2,485.6,479.3,481.9,480.4,487.7,492.0,494.1,491.6,-77.0,-76.2,-74.0,-71.6,-67.0,-58.1,-47.1,-33.3,-15.7,2.7,20.9,37.0,50.2,58.6,63.0,66.4,69.2,-71.2,-62.8,-51.7,-40.1,-28.9,-1.9,12.5,25.5,38.4,48.9,-15.0,-15.7,-16.4,-17.0,-31.3,-23.9,-16.2,-7.3,0.8,-57.4,-50.0,-41.3,-33.2,-41.8,-50.3,6.3,14.8,23.6,31.6,23.8,15.2,-44.6,-35.3,-25.1,-16.7,-6.7,6.1,18.9,5.9,-7.0,-17.7,-26.6,-36.1,-40.2,-25.3,-16.6,-6.5,14.1,-6.9,-17.2,-25.9,-18.1,1.3,20.3,38.9,57.3,74.7,89.7,101.2,105.2,104.0,97.2,86.2,71.3,52.8,32.3,11.7,-8.7,-28.3,-36.7,-39.3,-38.4,-35.2,-34.5,-37.4,-37.5,-34.7,-27.1,-17.3,-5.3,6.6,18.9,26.7,29.6,32.1,29.5,26.9,-14.1,-17.7,-17.7,-13.6,-12.0,-11.8,-12.9,-17.0,-16.6,-12.9,-11.0,-11.2,52.3,45.5,43.3,45.2,43.7,46.5,53.0,59.7,62.5,63.2,62.4,59.5,52.7,49.2,50.2,49.5,53.1,54.2,55.2,54.3,1310.2,1309.2,1309.6,1309.0,1304.8,1297.3,1286.6,1267.9,1258.0,1259.0,1269.6,1279.0,1282.0,1280.9,1278.6,1278.6,1280.9,1275.9,1267.3,1257.8,1248.9,1241.4,1236.4,1239.8,1242.5,1245.9,1250.4,1238.4,1232.6,1226.8,1221.4,1243.6,1236.8,1230.8,1230.6,1231.5,1266.3,1261.4,1258.6,1255.4,1257.0,1260.1,1248.1,1247.7,1246.7,1247.3,1245.3,1246.1,1263.0,1245.8,1237.7,1234.1,1232.4,1238.0,1250.0,1238.0,1230.6,1231.6,1235.4,1246.4,1259.4,1238.9,1235.4,1233.9,1248.0,1232.9,1234.1,1238.3,2.391,0.071,0.20199999999999999,0.027000000000000003,608.95,416.249,-9.919,-6.962999999999999,3.14,-3.307,-10.193999999999999,3.383,-8.822000000000001,8.634,2.8710000000000004,-2.51,-15.724,6.928,-4.987,6.016,1.659,1.93,-2.591,-0.419,-1.581,-6.1129999999999995,-2.7680000000000002,3.1719999999999997,3.1919999999999997,-4.256,-4.217,0.555,-0.265,1.287,0.563,0.6829999999999999,-0.225,-0.894,0.156,0.364,0.79,0.59,0.0,0.3,1.05,1.38,0.43,1.35,0.89,0.99,1.09,2.17,0.08,0.64,1.08,1.06,1.1,0.0,0.0,0.0,0.0,1.0,1.0,0.0,1.0,1.0,1.0,1.0,1.0,1.0,0.0,0.0,1.0,0.0,1.0
14,0.434,0.98,-0.074669,0.177352,-0.981311,-0.222034,0.195303,-0.9552790000000001,-0.152,0.19,517.2,521.5,532.6,544.1,549.2,545.9,533.8,522.3,506.7,511.4,519.3,529.8,542.0,553.0,561.5,553.6,543.0,531.5,520.9,512.5,528.9,534.1,539.2,541.1,538.8,533.6,528.6,526.6,667.3,671.3,682.1,693.3,698.4,694.4,683.6,671.6,659.4,666.2,675.3,686.7,697.7,706.2,712.8,706.7,698.8,689.1,678.1,667.6,677.1,683.1,688.8,690.9,688.2,682.2,676.5,674.4,322.2,310.3,305.4,310.3,322.2,334.8,338.9,334.0,325.1,320.6,317.6,315.9,317.1,321.3,327.8,330.0,331.2,331.9,331.2,328.9,327.3,329.6,327.3,322.0,316.6,314.4,316.6,322.0,324.9,314.4,310.0,314.2,324.6,335.2,339.6,336.4,329.0,323.7,320.0,318.6,320.6,324.4,329.9,332.2,332.9,333.1,332.5,331.9,331.3,333.5,331.2,325.6,320.1,317.8,320.1,325.7,-46.0,-44.3,-40.1,-35.8,-33.9,-35.2,-39.7,-44.1,-50.2,-48.2,-45.1,-41.1,-36.6,-32.5,-29.3,-32.3,-36.2,-40.5,-44.6,-47.9,-41.6,-39.6,-37.7,-37.0,-37.8,-39.8,-41.7,-42.5,10.7,12.3,16.5,20.9,22.9,21.3,17.0,12.3,7.6,10.3,13.8,18.3,22.6,26.0,28.6,26.2,23.0,19.2,14.9,10.8,14.5,16.9,19.1,20.0,18.9,16.6,14.3,13.5,-14.2,-18.6,-20.4,-18.5,-14.1,-9.4,-7.9,-9.7,-13.1,-14.8,-15.9,-16.5,-16.0,-14.4,-12.0,-11.2,-10.8,-10.5,-10.8,-11.7,-12.2,-11.4,-12.2,-14.2,-16.2,-17.1,-16.3,-14.2,-13.7,-17.9,-19.6,-18.0,-13.8,-9.7,-8.0,-9.2,-12.1,-14.2,-15.6,-16.2,-15.4,-14.0,-11.8,-10.9,-10.6,-10.5,-10.7,-11.0,-11.3,-10.4,-11.3,-13.5,-15.7,-16.6,-15.6,-13.4,1123.6,1122.6,1121.1,1120.1,1120.1,1121.4,1122.6,1123.6,1129.0,1125.9,1122.4,1120.2,1119.6,1120.2,1121.6,1120.9,1120.5,1121.1,1123.2,1126.2,1123.5,1123.0,1122.4,1121.9,1121.9,1122.4,1123.0,1123.5,1174.0,1175.8,1176.9,1176.7,1175.2,1173.4,1172.3,1172.7,1174.3,1173.6,1173.2,1173.5,1175.0,1177.2,1179.7,1176.2,1173.4,1171.6,1171.3,1172.5,1174.3,1174.2,1174.8,1175.7,1176.5,1176.6,1176.0,1175.0,-12.2,23.2,1243.8,0.059000000000000004,0.162,0.02,461.5,462.7,467.7,474.4,486.8,508.2,533.6,565.6,607.0,650.8,692.5,729.7,760.2,779.5,789.5,796.1,800.8,474.5,493.2,518.3,545.0,570.7,637.7,671.8,702.7,732.5,755.9,604.8,603.3,601.7,600.2,565.9,584.0,603.0,624.5,644.4,504.8,521.7,542.5,561.5,541.2,521.1,656.0,676.0,697.3,716.3,697.9,677.2,537.4,559.1,583.2,603.1,626.5,657.4,688.2,657.5,626.6,601.4,580.7,558.0,547.6,583.1,603.4,627.2,676.6,626.2,602.2,581.9,319.4,363.2,406.6,449.5,491.9,533.2,570.2,600.8,611.7,607.9,588.7,560.7,524.7,481.3,433.0,384.6,336.8,291.1,271.4,264.7,266.8,274.3,275.6,268.6,268.7,276.9,296.1,318.2,347.7,377.1,407.5,425.1,432.5,439.1,432.4,425.9,326.2,317.3,317.3,327.1,331.4,331.8,328.7,319.0,320.2,328.8,333.5,333.0,484.1,470.4,465.5,470.1,466.5,472.3,485.7,503.0,510.4,511.9,509.7,502.2,485.8,480.3,482.6,480.7,486.4,490.0,492.0,489.6,-77.8,-77.2,-75.1,-72.2,-66.5,-56.9,-45.5,-31.4,-13.8,4.5,22.2,38.3,51.4,59.6,63.7,66.5,68.5,-70.1,-61.8,-50.9,-39.5,-28.6,-1.0,13.1,25.9,38.4,48.2,-14.5,-15.1,-15.6,-16.2,-30.7,-23.1,-15.2,-6.3,1.8,-56.9,-49.6,-40.8,-32.8,-41.3,-49.8,6.6,14.9,23.8,31.7,24.0,15.4,-43.1,-33.5,-23.4,-15.2,-5.5,7.2,20.1,7.2,-5.5,-15.8,-24.4,-34.0,-38.7,-23.5,-15.1,-5.3,15.2,-5.7,-15.5,-23.9,-17.7,1.4,20.3,39.0,57.3,74.7,89.9,101.6,105.5,104.1,96.8,85.6,70.4,51.8,31.1,10.5,-9.9,-29.2,-37.3,-39.8,-38.7,-35.4,-34.7,-37.7,-37.7,-34.4,-26.6,-17.2,-5.0,7.0,19.3,26.9,29.8,32.4,29.7,27.0,-14.2,-17.9,-17.9,-13.7,-12.0,-11.8,-13.0,-17.0,-16.5,-12.9,-11.0,-11.2,52.2,45.8,43.5,45.2,43.7,46.3,52.4,59.0,61.6,62.2,61.5,58.9,52.7,49.6,50.4,49.6,52.6,53.3,54.2,53.4,1307.5,1307.2,1307.9,1307.4,1302.9,1294.8,1284.0,1266.3,1257.7,1259.5,1270.3,1279.9,1283.0,1281.4,1278.5,1277.5,1278.9,1271.0,1262.9,1254.3,1246.5,1240.1,1234.3,1237.9,1240.6,1243.7,1247.8,1236.6,1230.7,1224.7,1219.2,1240.7,1234.3,1228.9,1229.0,1230.4,1263.0,1258.4,1255.8,1252.9,1254.4,1257.3,1245.9,1245.5,1244.7,1245.6,1243.4,1244.0,1260.9,1243.0,1235.3,1232.1,1230.7,1237.0,1250.1,1236.9,1228.6,1229.0,1232.5,1243.3,1257.3,1236.7,1233.5,1232.4,1247.6,1230.9,1231.7,1235.5,2.395,0.084,0.183,0.019,610.901,415.844,-8.013,-4.939,1.6230000000000002,-4.223,-11.982000000000001,5.329,-7.513,9.427,0.17800000000000002,-4.539,-16.055999999999997,6.39,-4.769,1.726,1.3780000000000001,0.971,-2.969,-1.722,1.382,-6.0889999999999995,-3.05,3.412,3.241,-4.529,-3.782,0.524,-0.191,1.285,0.24,0.43700000000000006,0.152,-0.818,-0.133,-0.057999999999999996,0.82,0.6,0.0,0.31,1.06,1.34,0.47,1.22,0.82,0.96,1.12,2.12,0.14,0.57,1.23,1.08,1.11,0.0,0.0,0.0,0.0,1.0,1.0,0.0,1.0,1.0,1.0,1.0,1.0,1.0,0.0,1.0,1.0,0.0,1.0
15,0.467,0.98,-0.080677,0.167711,-0.9825299999999999,-0.24546500000000002,0.195359,-0.949516,-0.16699999999999998,0.18600000000000003,517.3,521.8,532.9,544.2,549.0,545.6,533.4,522.1,506.9,511.5,519.3,529.9,542.2,552.9,561.2,553.0,542.1,530.4,520.1,512.2,528.9,534.0,539.1,541.1,538.9,533.8,528.7,526.7,666.4,670.7,681.7,693.2,698.4,694.1,683.0,670.7,658.5,665.8,675.2,686.8,697.9,706.7,713.5,707.0,698.6,688.4,677.2,666.7,676.6,682.6,688.4,690.6,687.9,681.9,676.1,673.9,322.0,310.0,305.0,309.9,321.8,334.6,338.8,333.9,325.3,320.4,317.2,315.5,317.0,321.3,327.8,329.9,330.6,331.1,330.5,328.6,327.4,329.6,327.3,321.9,316.4,314.2,316.5,321.9,324.9,314.1,309.4,313.7,324.4,335.3,340.0,336.7,328.9,323.5,319.8,318.4,320.5,324.4,329.8,332.0,332.7,332.8,332.3,331.7,331.3,333.6,331.1,325.4,319.8,317.5,320.0,325.7,-45.8,-44.1,-39.9,-35.7,-33.8,-35.1,-39.7,-44.0,-49.9,-48.1,-45.0,-41.0,-36.4,-32.4,-29.4,-32.4,-36.4,-40.8,-44.7,-47.8,-41.5,-39.5,-37.6,-36.9,-37.7,-39.6,-41.5,-42.3,10.2,11.8,16.1,20.5,22.4,20.8,16.5,11.8,7.1,9.9,13.5,18.0,22.3,25.7,28.4,25.8,22.5,18.6,14.3,10.2,14.1,16.4,18.6,19.5,18.4,16.1,13.9,13.0,-14.2,-18.6,-20.5,-18.6,-14.2,-9.5,-7.9,-9.7,-13.0,-14.8,-16.0,-16.6,-16.0,-14.4,-12.0,-11.2,-10.9,-10.8,-11.0,-11.8,-12.2,-11.3,-12.2,-14.2,-16.2,-17.1,-16.2,-14.2,-13.5,-17.7,-19.5,-17.8,-13.7,-9.5,-7.7,-8.9,-11.9,-14.0,-15.5,-16.0,-15.2,-13.7,-11.7,-10.8,-10.5,-10.4,-10.6,-10.9,-11.0,-10.2,-11.1,-13.3,-15.5,-16.4,-15.4,-13.2,1119.9,1119.2,1117.8,1116.5,1116.1,1117.0,1118.2,1119.5,1125.5,1122.3,1118.8,1116.5,1115.8,1116.1,1117.2,1116.5,1116.2,1117.0,1119.3,1122.5,1119.5,1118.9,1118.2,1117.9,1118.1,1118.7,1119.3,1119.7,1152.9,1154.6,1155.5,1155.2,1153.8,1152.1,1151.1,1151.6,1153.3,1152.6,1152.1,1152.3,1153.6,1155.8,1158.3,1154.9,1152.1,1150.4,1150.3,1151.5,1153.1,1153.0,1153.5,1154.4,1155.1,1155.3,1154.8,1153.9,-12.8,23.3,1244.8,0.054000000000000006,0.17800000000000002,0.027999999999999997,464.3,465.8,470.5,475.8,485.8,505.5,530.3,561.7,602.9,646.9,689.3,726.7,757.9,778.3,789.2,797.3,803.4,473.5,492.0,517.3,544.3,570.7,635.6,670.5,702.0,733.0,758.0,603.8,602.1,600.2,598.5,564.5,582.2,600.9,622.7,642.5,504.5,521.5,542.3,561.4,540.9,520.9,655.5,675.9,697.3,716.5,697.9,677.1,534.3,554.8,578.9,599.7,624.7,655.6,685.8,655.5,624.2,597.5,575.6,553.1,544.4,578.4,599.9,625.1,674.5,624.1,598.6,577.1,318.8,362.9,406.2,448.4,490.6,531.6,568.5,599.0,610.6,607.6,589.5,562.0,526.4,482.8,434.3,385.3,336.7,293.0,272.9,266.3,267.8,274.7,276.0,269.2,269.2,276.7,295.2,318.0,347.1,376.3,406.6,424.1,431.6,438.2,431.8,425.5,326.0,317.3,317.2,327.2,330.9,331.4,328.7,318.7,319.8,328.5,333.3,332.8,484.0,469.4,464.6,469.7,466.3,472.8,487.2,504.9,513.0,514.5,511.9,503.3,485.4,478.9,481.7,480.3,487.7,492.5,494.5,491.8,-76.6,-75.9,-73.9,-71.5,-67.0,-58.1,-47.0,-33.1,-15.5,2.9,20.9,37.0,50.4,59.0,63.6,67.0,69.7,-70.7,-62.4,-51.4,-39.8,-28.6,-1.8,12.6,25.6,38.5,49.1,-14.9,-15.6,-16.2,-16.9,-31.2,-23.8,-16.0,-7.1,1.0,-57.1,-49.8,-41.0,-32.8,-41.5,-50.0,6.5,14.9,23.8,31.8,24.0,15.4,-44.5,-35.3,-25.2,-16.6,-6.3,6.4,19.1,6.4,-6.5,-17.5,-26.5,-36.1,-40.1,-25.4,-16.5,-6.1,14.3,-6.5,-17.0,-25.9,-18.0,1.3,20.1,38.5,56.7,74.2,89.4,101.0,105.0,103.8,97.1,86.1,71.1,52.4,31.6,10.8,-9.9,-28.5,-36.7,-39.2,-38.3,-35.3,-34.6,-37.5,-37.5,-34.5,-27.0,-17.3,-5.3,6.6,18.9,26.5,29.5,32.1,29.4,26.8,-14.3,-17.9,-17.9,-13.7,-12.2,-12.0,-13.0,-17.1,-16.7,-13.1,-11.1,-11.3,52.1,45.4,43.1,45.1,43.6,46.5,52.9,59.7,62.7,63.4,62.5,59.5,52.6,49.1,50.1,49.4,53.1,54.4,55.3,54.4,1307.9,1306.9,1307.5,1307.2,1303.4,1296.3,1285.7,1267.1,1257.3,1258.5,1269.1,1278.3,1281.5,1280.6,1278.1,1277.8,1279.9,1274.5,1265.7,1256.2,1247.3,1239.8,1234.6,1237.9,1240.6,1243.9,1248.5,1236.9,1231.1,1225.3,1220.1,1242.3,1235.5,1229.6,1229.3,1230.2,1264.9,1260.0,1257.2,1253.9,1255.6,1258.7,1246.3,1245.8,1244.8,1245.4,1243.4,1244.3,1261.8,1244.4,1236.5,1232.7,1230.9,1236.5,1248.4,1236.9,1229.6,1230.7,1234.7,1245.5,1258.1,1237.7,1234.0,1232.4,1246.5,1231.8,1233.2,1237.5,2.394,0.078,0.2,0.027000000000000003,609.403,415.98900000000003,-9.705,-9.148,3.611,-2.8169999999999997,-10.533,3.0010000000000003,-8.555,7.6579999999999995,2.5069999999999997,-2.583,-15.023,6.022,-4.138999999999999,6.1160000000000005,1.4240000000000002,2.0340000000000003,-2.458,-0.642,-1.43,-6.642,-3.0839999999999996,3.4360000000000004,2.511,-4.552,-4.2989999999999995,0.304,-0.498,1.508,0.418,0.738,-0.193,-0.82,0.174,0.332,0.91,0.6,0.0,0.33,1.07,1.41,0.45,1.41,0.86,1.02,1.05,2.17,0.15,0.66,1.07,1.06,1.09,0.0,0.0,0.0,0.0,1.0,1.0,0.0,1.0,1.0,1.0,1.0,1.0,1.0,0.0,0.0,1.0,0.0,0.0
16,0.501,0.98,-0.074879,0.17363299999999998,-0.98196,-0.20585599999999998,0.184101,-0.961109,-0.14300000000000002,0.182,517.3,521.7,532.9,544.3,549.2,545.8,533.6,522.2,506.7,511.6,519.6,530.2,542.4,553.1,561.3,553.3,542.7,531.2,520.7,512.4,528.9,534.0,539.1,541.1,538.9,533.7,528.6,526.6,668.5,672.5,683.2,694.2,699.2,695.2,684.5,672.7,660.0,666.6,675.5,687.0,698.2,706.9,713.6,707.4,699.2,689.4,678.5,668.0,678.5,684.1,689.4,691.4,688.9,683.3,678.0,676.0,322.0,310.0,305.1,310.0,321.8,334.5,338.7,333.8,325.2,320.4,317.2,315.4,316.8,321.1,327.8,329.9,330.8,331.3,330.7,328.6,327.2,329.4,327.2,321.8,316.4,314.2,316.4,321.8,324.4,314.1,309.7,313.9,324.1,334.4,338.8,335.7,329.0,323.6,319.7,318.1,320.2,324.1,329.9,332.0,332.8,332.9,332.3,331.8,330.4,332.5,330.3,325.1,320.0,317.9,320.1,325.3,-46.2,-44.5,-40.3,-36.0,-34.1,-35.4,-40.0,-44.4,-50.4,-48.5,-45.3,-41.2,-36.6,-32.6,-29.6,-32.6,-36.5,-40.9,-44.9,-48.2,-41.8,-39.9,-37.9,-37.2,-38.0,-40.0,-41.9,-42.7,11.2,12.8,17.1,21.4,23.4,21.7,17.5,12.9,7.9,10.5,14.0,18.5,22.9,26.4,29.1,26.6,23.3,19.4,15.1,11.0,15.2,17.4,19.5,20.3,19.3,17.1,15.0,14.2,-14.3,-18.8,-20.6,-18.8,-14.3,-9.6,-8.0,-9.9,-13.2,-14.9,-16.1,-16.7,-16.2,-14.6,-12.1,-11.3,-11.0,-10.8,-11.0,-11.8,-12.3,-11.5,-12.3,-14.4,-16.4,-17.2,-16.4,-14.4,-14.0,-18.1,-19.9,-18.2,-14.2,-10.1,-8.3,-9.6,-12.2,-14.4,-15.9,-16.5,-15.7,-14.2,-11.9,-11.0,-10.7,-10.7,-10.9,-11.1,-11.7,-10.8,-11.7,-13.8,-15.8,-16.6,-15.8,-13.7,1129.9,1129.1,1127.8,1126.7,1126.5,1127.5,1128.6,1129.7,1135.1,1132.1,1128.6,1126.5,1126.0,1126.6,1127.8,1127.1,1126.6,1127.2,1129.3,1132.3,1129.7,1129.2,1128.6,1128.2,1128.3,1128.8,1129.4,1129.8,1182.7,1184.6,1185.6,1185.3,1183.7,1181.8,1180.8,1181.3,1183.0,1182.3,1181.7,1181.9,1183.2,1185.3,1187.8,1184.4,1181.6,1179.9,1179.8,1181.1,1182.9,1182.7,1183.3,1184.2,1185.0,1185.2,1184.7,1183.7,-12.1,23.1,1245.2,0.055999999999999994,0.16399999999999998,0.021,461.7,463.1,468.1,474.8,487.2,508.6,533.6,565.1,606.2,649.8,691.9,729.5,760.3,779.7,789.7,796.2,800.8,474.3,493.0,518.3,545.1,571.0,637.9,672.1,702.9,732.8,756.2,605.0,603.6,602.0,600.7,566.1,584.2,603.3,624.9,644.9,504.8,521.7,542.6,561.5,541.2,521.0,656.4,676.3,697.8,716.8,698.4,677.6,537.3,559.4,583.8,603.4,626.6,657.8,689.2,657.8,626.5,601.6,581.0,558.2,547.6,583.6,603.8,627.3,677.4,626.1,602.3,582.2,319.2,363.0,406.6,449.5,492.0,533.3,570.2,601.0,612.0,608.3,589.0,560.8,524.6,481.0,432.7,384.4,336.9,291.1,271.4,264.6,266.7,274.3,275.7,268.6,268.8,276.8,296.1,318.0,347.4,376.8,407.4,425.1,432.4,438.9,432.2,425.7,326.0,317.0,317.0,326.9,331.2,331.6,328.4,318.7,319.9,328.6,333.3,332.8,483.9,470.2,465.1,469.6,466.0,471.8,485.4,502.5,509.6,511.1,509.0,501.7,485.7,480.4,482.6,480.7,486.2,488.7,490.6,488.4,-77.8,-77.2,-75.0,-72.1,-66.4,-56.7,-45.6,-31.6,-14.2,4.1,22.0,38.2,51.5,59.7,63.8,66.5,68.6,-70.3,-61.9,-50.9,-39.5,-28.6,-0.9,13.3,26.0,38.5,48.4,-14.4,-15.0,-15.5,-16.0,-30.6,-23.0,-15.1,-6.2,2.0,-57.0,-49.7,-40.8,-32.8,-41.3,-49.9,6.8,15.1,24.0,31.9,24.3,15.6,-43.2,-33.4,-23.2,-15.0,-5.5,7.4,20.5,7.4,-5.5,-15.8,-24.3,-34.0,-38.8,-23.3,-14.9,-5.2,15.6,-5.7,-15.5,-23.8,-17.8,1.3,20.3,39.0,57.4,74.8,90.1,101.8,105.7,104.3,97.0,85.7,70.4,51.7,31.0,10.4,-9.9,-29.2,-37.3,-39.9,-38.8,-35.5,-34.7,-37.7,-37.8,-34.5,-26.6,-17.3,-5.2,6.9,19.3,27.0,29.8,32.4,29.6,27.0,-14.3,-18.1,-18.0,-13.8,-12.0,-11.9,-13.1,-17.2,-16.7,-13.0,-11.1,-11.3,52.2,45.7,43.3,45.0,43.5,46.1,52.3,58.8,61.3,61.9,61.2,58.8,52.8,49.7,50.5,49.6,52.5,52.8,53.7,52.9,1308.8,1308.5,1309.2,1308.5,1303.9,1295.7,1285.3,1267.7,1259.0,1260.5,1271.2,1280.9,1283.8,1282.0,1279.2,1278.1,1279.4,1272.4,1264.3,1255.7,1248.2,1241.8,1236.0,1239.5,1242.1,1244.9,1248.8,1238.2,1232.3,1226.3,1220.9,1242.2,1235.8,1230.4,1230.5,1231.9,1264.5,1259.9,1257.2,1254.3,1255.8,1258.8,1247.4,1246.9,1246.0,1246.9,1244.8,1245.4,1262.6,1244.6,1236.7,1233.5,1232.0,1238.4,1251.6,1238.1,1229.5,1229.9,1233.4,1244.5,1259.0,1238.1,1235.0,1233.8,1249.1,1231.8,1232.6,1236.4,2.3930000000000002,0.081,0.185,0.019,611.0880000000001,415.63,-9.13,-5.066,1.351,-4.945,-12.443,5.7989999999999995,-8.596,9.349,0.162,-5.274,-16.415,7.2989999999999995,-5.276,1.88,1.254,0.665,-2.725,-2.1,2.274,-5.907,-2.94,2.95,3.7430000000000003,-4.374,-3.8510000000000004,0.41700000000000004,-0.139,1.4240000000000002,0.196,0.426,0.243,-0.835,-0.174,-0.034,0.88,0.62,0.0,0.32,1.05,1.44,0.46,1.32,0.83,0.98,1.07,2.02,0.12,0.61,1.16,1.09,1.06,0.0,0.0,0.0,0.0,1.0,1.0,0.0,1.0,1.0,1.0,1.0,1.0,1.0,0.0,1.0,1.0,0.0,0.0
17,0.534,0.98,-0.064233,0.170647,-0.9832360000000001,-0.25304699999999997,0.191255,-0.948361,-0.163,0.185,517.2,522.0,533.3,544.6,549.3,545.6,533.2,521.9,506.7,511.5,519.4,530.1,542.4,552.6,560.0,552.0,541.3,529.7,519.7,511.9,528.8,533.9,539.0,541.1,539.0,533.9,528.8,526.7,667.0,671.3,682.3,693.5,698.3,694.0,683.0,671.0,659.4,666.4,675.6,687.2,698.3,707.2,714.0,707.4,698.9,688.7,677.6,667.2,676.9,682.8,688.5,690.8,688.2,682.4,676.7,674.4,321.9,309.9,305.0,310.0,321.9,334.7,338.8,333.8,325.3,320.1,316.9,315.1,316.6,321.0,327.9,329.8,330.5,330.8,330.1,328.3,327.3,329.5,327.3,322.0,316.6,314.4,316.6,322.0,324.6,313.8,309.3,313.6,324.3,335.0,339.6,336.3,328.5,323.2,319.5,318.2,320.2,324.0,329.5,332.0,332.9,333.0,332.4,331.6,330.8,333.1,330.7,325.1,319.5,317.3,319.6,325.3,-46.6,-44.8,-40.4,-36.1,-34.3,-35.8,-40.5,-44.8,-50.8,-48.9,-45.8,-41.6,-36.9,-33.1,-30.3,-33.3,-37.4,-41.8,-45.7,-48.8,-42.2,-40.3,-38.3,-37.5,-38.3,-40.2,-42.2,-43.0,10.5,12.2,16.5,20.8,22.7,21.0,16.7,12.0,7.5,10.3,13.8,18.3,22.7,26.2,28.9,26.3,22.9,18.9,14.6,10.6,14.4,16.6,18.9,19.8,18.8,16.5,14.3,13.4,-14.5,-19.0,-20.8,-18.9,-14.4,-9.6,-8.0,-9.9,-13.2,-15.2,-16.4,-17.0,-16.4,-14.8,-12.2,-11.4,-11.2,-11.1,-11.4,-12.1,-12.4,-11.6,-12.4,-14.4,-16.5,-17.3,-16.5,-14.4,-13.8,-18.0,-19.8,-18.1,-13.9,-9.7,-7.9,-9.2,-12.2,-14.3,-15.7,-16.3,-15.5,-14.0,-11.9,-10.9,-10.5,-10.5,-10.7,-11.0,-11.3,-10.5,-11.4,-13.6,-15.8,-16.7,-15.7,-13.5,1139.1,1138.6,1137.4,1136.2,1135.6,1136.3,1137.3,1138.6,1144.1,1141.3,1138.0,1135.9,1135.3,1135.6,1136.6,1136.0,1135.5,1136.2,1138.5,1141.5,1138.7,1138.2,1137.6,1137.4,1137.7,1138.2,1138.8,1139.0,1167.0,1168.4,1169.1,1168.7,1167.3,1165.9,1165.2,1165.8,1167.6,1166.6,1165.9,1166.0,1167.3,1169.5,1172.0,1168.7,1166.0,1164.5,1164.4,1165.7,1167.1,1166.9,1167.3,1168.1,1168.8,1169.0,1168.6,1167.8,-12.8,23.2,1246.9,0.055,0.18,0.028999999999999998,463.8,465.5,470.4,475.8,486.0,505.6,530.1,561.1,602.3,646.5,689.4,727.1,758.2,778.3,789.0,797.0,803.2,473.2,492.1,517.6,544.7,571.1,635.9,670.8,702.2,733.0,757.8,603.9,602.3,600.4,598.7,564.8,582.4,601.1,622.8,642.6,504.1,521.2,542.0,561.0,540.6,520.5,656.1,676.3,697.7,716.8,698.3,677.5,534.2,554.9,579.0,600.0,625.2,656.3,686.6,656.2,624.6,597.6,575.6,553.1,544.3,578.5,600.1,625.6,675.1,624.6,598.7,577.1,318.0,362.5,405.9,448.2,490.6,531.4,568.1,598.8,610.5,607.7,589.5,562.0,526.1,482.5,434.2,385.4,337.2,293.0,272.9,266.4,267.9,274.8,276.0,269.1,269.2,276.6,295.1,317.8,347.0,376.2,406.6,424.2,431.6,438.3,431.9,425.5,326.0,317.1,317.0,327.0,330.9,331.3,328.5,318.5,319.5,328.4,333.1,332.6,483.8,469.1,464.5,469.5,466.2,472.5,487.0,504.5,512.6,514.2,511.6,502.9,485.3,478.8,481.6,480.1,487.5,492.4,494.5,491.7,-76.9,-76.1,-74.0,-71.6,-67.0,-58.1,-47.2,-33.4,-15.8,2.7,20.9,37.2,50.5,59.1,63.5,66.9,69.7,-70.9,-62.5,-51.3,-39.7,-28.5,-1.7,12.7,25.8,38.6,49.1,-14.9,-15.5,-16.2,-16.8,-31.2,-23.8,-16.0,-7.1,1.1,-57.4,-50.0,-41.1,-33.1,-41.7,-50.2,6.7,15.1,24.0,31.9,24.2,15.6,-44.6,-35.4,-25.2,-16.5,-6.1,6.7,19.4,6.7,-6.3,-17.4,-26.6,-36.1,-40.2,-25.4,-16.4,-5.9,14.6,-6.3,-17.0,-26.0,-18.3,1.1,20.1,38.5,56.8,74.2,89.3,101.0,105.1,104.0,97.2,86.2,71.0,52.3,31.6,10.8,-9.8,-28.5,-36.8,-39.2,-38.4,-35.3,-34.6,-37.6,-37.6,-34.6,-27.0,-17.4,-5.3,6.6,19.0,26.6,29.5,32.1,29.5,26.9,-14.4,-18.0,-18.1,-13.8,-12.2,-12.1,-13.1,-17.3,-16.8,-13.1,-11.2,-11.4,52.2,45.3,43.1,45.1,43.6,46.4,52.9,59.7,62.7,63.4,62.5,59.4,52.7,49.1,50.1,49.4,53.1,54.4,55.4,54.4,1309.9,1309.0,1309.5,1309.1,1305.1,1297.7,1287.4,1268.9,1259.1,1260.2,1270.6,1279.7,1282.5,1281.3,1278.9,1278.8,1280.9,1276.0,1267.4,1257.9,1249.1,1241.8,1236.8,1239.8,1242.3,1245.4,1249.8,1238.8,1233.2,1227.6,1222.5,1244.6,1237.7,1231.8,1231.4,1232.2,1266.6,1261.8,1259.0,1255.8,1257.5,1260.6,1248.2,1247.6,1246.5,1247.1,1245.2,1246.1,1263.9,1246.7,1238.8,1235.0,1233.3,1238.8,1250.5,1239.1,1231.8,1232.9,1236.9,1247.7,1260.2,1239.9,1236.2,1234.6,1248.6,1234.0,1235.3,1239.7,2.39,0.079,0.20199999999999999,0.027000000000000003,609.506,415.86699999999996,-12.062000000000001,-8.652000000000001,3.4010000000000002,-4.425,-10.202,3.2910000000000004,-8.87,7.797999999999999,3.088,-2.6310000000000002,-15.308,6.309,-4.63,6.631,1.171,1.749,-2.659,-0.6509999999999999,-1.001,-6.585,-2.864,3.867,2.888,-4.43,-3.918,0.003,-0.45,1.46,0.518,0.7240000000000001,-0.17300000000000001,-0.872,0.138,0.406,0.85,0.62,0.0,0.35,1.06,1.49,0.44,1.5,0.92,1.07,1.04,2.11,0.05,0.67,1.01,1.13,1.04,0.0,0.0,0.0,0.0,1.0,1.0,0.0,1.0,1.0,1.0,1.0,1.0,1.0,0.0,0.0,1.0,0.0,0.0
18,0.5670000000000001,0.98,-0.067288,0.177336,-0.9818469999999999,-0.204058,0.182041,-0.961884,-0.139,0.183,517.3,521.8,533.0,544.4,549.4,545.9,533.7,522.3,506.8,511.5,519.4,530.1,542.3,553.0,561.1,553.1,542.4,530.9,520.5,512.3,529.1,534.1,539.1,541.1,538.9,533.8,528.9,526.9,668.6,672.5,683.1,694.3,699.3,695.4,684.8,672.9,660.1,666.6,675.4,687.0,698.2,706.9,713.6,707.5,699.5,689.7,678.7,668.2,678.6,684.2,689.6,691.5,689.0,683.4,678.0,676.1,322.0,310.0,305.0,309.9,321.8,334.6,338.9,334.0,325.4,320.3,317.0,315.1,316.4,320.9,327.8,329.8,330.7,331.2,330.6,328.7,327.2,329.4,327.1,321.8,316.6,314.4,316.6,321.9,324.2,314.0,309.6,313.7,323.8,334.1,338.4,335.4,329.0,323.4,319.4,317.8,319.8,323.7,329.6,331.7,332.4,332.5,332.1,331.7,330.2,332.2,330.0,324.9,319.8,317.7,319.9,325.1,-46.2,-44.5,-40.2,-35.9,-34.0,-35.3,-39.9,-44.3,-50.4,-48.4,-45.3,-41.2,-36.6,-32.6,-29.6,-32.6,-36.6,-40.9,-44.9,-48.2,-41.7,-39.8,-37.9,-37.2,-38.0,-39.9,-41.8,-42.5,11.3,12.8,17.0,21.4,23.4,21.8,17.6,12.9,7.9,10.5,13.9,18.5,22.9,26.4,29.1,26.6,23.4,19.5,15.2,11.1,15.2,17.4,19.5,20.3,19.3,17.1,15.0,14.2,-14.3,-18.8,-20.7,-18.8,-14.3,-9.5,-7.9,-9.8,-13.1,-15.0,-16.2,-16.9,-16.4,-14.7,-12.1,-11.3,-11.0,-10.8,-11.1,-11.8,-12.3,-11.5,-12.4,-14.3,-16.3,-17.1,-16.3,-14.3,-14.1,-18.2,-19.9,-18.3,-14.3,-10.2,-8.5,-9.7,-12.2,-14.4,-16.0,-16.6,-15.8,-14.3,-12.0,-11.2,-10.9,-10.8,-11.0,-11.1,-11.8,-10.9,-11.8,-13.9,-15.9,-16.7,-15.8,-13.8,1128.9,1128.1,1126.8,1125.7,1125.4,1126.3,1127.4,1128.6,1134.0,1131.0,1127.6,1125.5,1124.9,1125.4,1126.6,1125.9,1125.4,1126.1,1128.2,1131.3,1128.6,1128.1,1127.5,1127.2,1127.3,1127.8,1128.4,1128.7,1181.8,1183.7,1184.9,1184.5,1182.9,1180.9,1179.8,1180.2,1182.0,1181.4,1180.9,1181.1,1182.4,1184.5,1186.9,1183.5,1180.8,1179.0,1178.9,1180.1,1182.0,1181.8,1182.4,1183.4,1184.2,1184.4,1183.8,1182.8,-12.1,23.0,1245.4,0.055999999999999994,0.165,0.02,461.6,463.0,468.0,474.6,487.1,508.6,533.8,565.7,607.0,650.7,692.7,730.1,760.7,779.9,789.7,796.1,800.6,474.3,493.2,518.5,545.2,571.0,638.0,672.1,702.7,732.5,755.9,605.0,603.6,602.0,600.6,566.1,584.2,603.3,624.9,644.9,504.6,521.6,542.5,561.4,541.1,520.8,656.5,676.4,697.9,716.8,698.5,677.7,537.1,559.2,583.7,603.4,626.7,658.0,689.5,658.1,626.7,601.7,581.0,558.0,547.4,583.5,603.8,627.5,677.6,626.3,602.4,582.2,319.0,362.8,406.3,449.3,491.9,533.3,570.3,600.9,611.6,607.7,588.1,560.0,524.0,480.7,432.7,384.8,337.5,290.9,271.3,264.6,266.6,274.2,275.5,268.5,268.7,276.6,295.7,317.9,347.3,376.7,407.2,425.1,432.4,438.8,432.1,425.6,325.9,316.8,316.8,326.8,331.1,331.5,328.3,318.4,319.5,328.4,333.1,332.6,483.8,470.0,464.8,469.3,465.6,471.4,485.0,502.2,509.3,511.0,508.9,501.7,485.5,480.2,482.4,480.4,485.8,488.5,490.5,488.3,-77.8,-77.2,-75.1,-72.2,-66.5,-56.8,-45.5,-31.4,-13.9,4.5,22.3,38.5,51.6,59.8,63.8,66.5,68.5,-70.3,-61.9,-50.9,-39.5,-28.6,-0.8,13.2,26.0,38.4,48.2,-14.4,-15.0,-15.5,-16.0,-30.6,-23.0,-15.1,-6.2,2.0,-57.1,-49.7,-40.9,-32.9,-41.4,-50.0,6.9,15.1,24.0,31.9,24.3,15.6,-43.3,-33.5,-23.2,-15.0,-5.5,7.4,20.7,7.5,-5.5,-15.7,-24.3,-34.0,-38.9,-23.3,-14.9,-5.2,15.7,-5.6,-15.4,-23.8,-17.9,1.2,20.2,39.0,57.3,74.9,90.1,101.8,105.6,104.1,96.7,85.4,70.2,51.6,31.0,10.6,-9.6,-29.3,-37.4,-40.0,-38.9,-35.5,-34.8,-37.8,-37.8,-34.6,-26.8,-17.4,-5.2,6.8,19.2,27.0,29.8,32.3,29.6,26.9,-14.4,-18.2,-18.1,-13.9,-12.1,-12.0,-13.2,-17.3,-16.8,-13.1,-11.2,-11.4,52.1,45.6,43.2,44.9,43.4,46.0,52.1,58.7,61.2,61.9,61.2,58.8,52.7,49.6,50.4,49.5,52.4,52.8,53.6,52.9,1309.0,1308.8,1309.5,1308.9,1304.3,1296.1,1285.5,1267.9,1259.0,1260.6,1271.2,1280.8,1283.7,1282.0,1279.1,1278.2,1279.5,1272.4,1264.4,1255.9,1248.4,1242.1,1236.4,1239.8,1242.3,1245.1,1248.8,1238.4,1232.5,1226.6,1221.1,1242.5,1236.0,1230.6,1230.7,1232.0,1264.6,1260.1,1257.3,1254.4,1256.0,1258.9,1247.6,1247.1,1246.2,1247.1,1244.9,1245.6,1262.7,1244.7,1236.8,1233.6,1232.1,1238.5,1251.7,1238.4,1229.7,1230.1,1233.6,1244.7,1259.2,1238.2,1235.1,1233.9,1249.2,1232.1,1232.8,1236.6,2.392,0.081,0.18600000000000003,0.018000000000000002,611.1419999999999,415.44699999999995,-9.202,-4.496,1.3330000000000002,-5.412000000000001,-12.640999999999998,5.506,-8.533,9.794,0.062,-4.891,-16.172,7.518,-5.169,1.999,1.245,0.825,-3.009,-1.629,2.4819999999999998,-5.785,-2.9160000000000004,3.0410000000000004,3.557,-4.341,-3.832,0.392,-0.192,1.3630000000000002,0.16699999999999998,0.41600000000000004,0.245,-0.755,-0.185,-0.043,0.84,0.58,0.0,0.27,1.05,1.41,0.51,1.4,0.89,1.04,1.06,2.0,0.0,0.52,1.14,1.09,1.03,0.0,0.0,0.0,0.0,1.0,1.0,0.0,1.0,1.0,1.0,1.0,1.0,1.0,0.0,1.0,1.0,0.0,0.0
19,0.601,0.98,-0.072651,0.171297,-0.9825370000000001,-0.253105,0.18082,-0.950391,-0.16699999999999998,0.18,517.3,521.8,533.1,544.6,549.4,545.8,533.6,522.2,506.5,511.7,519.9,530.3,542.1,552.4,560.2,552.6,542.5,531.4,521.0,512.6,528.9,534.0,538.9,540.9,538.8,533.8,528.8,526.8,667.2,671.0,681.9,693.4,698.9,695.1,684.2,671.8,659.8,666.3,675.2,687.1,698.4,706.8,713.3,707.8,700.4,691.1,679.8,668.7,677.2,683.4,689.2,691.2,688.3,682.1,676.2,674.2,322.0,310.1,305.2,310.1,322.0,334.6,338.8,333.9,325.2,320.2,316.9,315.0,316.1,320.5,327.8,330.0,331.2,331.9,331.0,328.7,327.1,329.3,327.1,321.9,316.7,314.5,316.7,321.9,324.0,313.7,309.4,313.6,324.0,334.3,338.6,335.5,328.4,323.0,319.3,317.7,319.7,323.6,329.8,331.7,332.2,332.3,331.8,331.3,330.7,332.9,330.6,325.1,319.5,317.3,319.6,325.1,-47.3,-45.5,-41.1,-36.7,-34.8,-36.2,-41.0,-45.4,-51.7,-49.5,-46.2,-42.2,-37.6,-33.7,-30.7,-33.6,-37.5,-41.8,-45.8,-49.2,-42.8,-40.9,-38.9,-38.1,-39.0,-40.9,-42.9,-43.6,10.3,11.8,16.0,20.4,22.5,21.0,16.8,12.1,7.5,10.0,13.4,17.9,22.3,25.5,28.1,25.9,23.0,19.4,15.1,10.9,14.2,16.5,18.8,19.6,18.4,16.1,13.8,13.0,-14.6,-19.2,-21.1,-19.2,-14.6,-9.8,-8.2,-10.1,-13.5,-15.4,-16.6,-17.3,-16.9,-15.2,-12.4,-11.5,-11.1,-10.8,-11.2,-12.1,-12.7,-11.8,-12.7,-14.7,-16.7,-17.5,-16.7,-14.7,-13.7,-17.7,-19.3,-17.7,-13.7,-9.8,-8.1,-9.3,-12.0,-14.1,-15.5,-16.1,-15.4,-13.9,-11.6,-10.8,-10.6,-10.5,-10.7,-10.9,-11.2,-10.3,-11.2,-13.3,-15.4,-16.3,-15.4,-13.3,1156.2,1155.5,1154.4,1153.5,1153.4,1154.3,1155.2,1156.1,1160.5,1157.7,1154.5,1152.8,1152.5,1153.1,1154.6,1153.8,1153.1,1153.4,1155.2,1158.0,1156.2,1155.8,1155.3,1155.0,1155.1,1155.4,1155.9,1156.2,1142.4,1144.6,1146.1,1145.9,1144.1,1141.9,1140.4,1140.7,1142.1,1141.8,1141.6,1142.3,1143.9,1146.2,1148.6,1145.0,1142.1,1140.0,1139.4,1140.4,1142.6,1142.5,1143.3,1144.5,1145.4,1145.5,1144.7,1143.5,-12.8,23.2,1249.9,0.054000000000000006,0.184,0.027999999999999997,463.4,465.1,470.1,475.7,486.1,505.9,530.5,561.7,602.9,646.9,689.8,727.2,758.0,777.8,788.3,796.3,802.7,473.2,492.0,517.6,544.7,571.2,636.3,670.9,702.1,732.8,757.6,603.9,602.2,600.3,598.6,565.1,582.7,601.1,622.6,642.3,504.4,521.6,542.4,561.2,540.9,520.9,656.5,676.6,698.1,717.0,698.8,677.9,534.5,555.2,579.2,600.1,625.2,656.3,686.6,656.0,624.3,597.4,575.5,553.2,544.5,578.5,600.1,625.5,675.1,624.4,598.6,577.0,318.5,362.7,405.9,448.1,490.3,531.3,568.1,598.8,610.1,607.1,589.0,561.7,526.1,482.8,434.7,386.1,337.9,293.5,272.9,266.3,267.8,274.9,276.0,268.7,268.7,276.1,294.8,317.6,346.7,376.0,406.3,424.0,431.3,437.9,431.5,425.2,326.1,317.0,316.8,326.9,331.1,331.4,328.5,318.2,319.1,328.2,333.1,332.6,483.3,468.9,464.3,469.2,465.9,472.0,486.4,503.9,511.9,513.5,510.9,502.4,484.9,478.3,481.1,479.5,487.0,492.2,494.3,491.6,-77.3,-76.5,-74.3,-71.8,-67.1,-58.1,-47.0,-33.2,-15.6,2.9,21.1,37.3,50.5,59.0,63.3,66.7,69.6,-71.1,-62.7,-51.4,-39.8,-28.6,-1.5,12.8,25.8,38.6,49.1,-14.9,-15.6,-16.3,-16.9,-31.1,-23.7,-16.0,-7.2,0.9,-57.4,-49.9,-41.0,-33.0,-41.6,-50.2,6.9,15.2,24.2,32.1,24.4,15.8,-44.6,-35.3,-25.2,-16.5,-6.1,6.8,19.5,6.6,-6.5,-17.5,-26.7,-36.2,-40.2,-25.5,-16.5,-6.0,14.6,-6.4,-17.1,-26.1,-18.2,1.2,20.1,38.5,56.8,74.2,89.4,101.2,105.2,104.0,97.2,86.2,71.1,52.5,31.9,11.2,-9.4,-28.4,-36.9,-39.4,-38.5,-35.3,-34.7,-37.8,-37.9,-34.9,-27.2,-17.6,-5.5,6.5,18.9,26.6,29.5,32.1,29.4,26.8,-14.3,-18.1,-18.2,-13.9,-12.2,-12.1,-13.1,-17.4,-17.0,-13.2,-11.2,-11.4,52.1,45.4,43.2,45.1,43.7,46.4,52.8,59.6,62.5,63.2,62.4,59.4,52.6,49.0,50.0,49.3,53.0,54.5,55.5,54.5,1313.3,1312.1,1312.4,1311.7,1307.3,1299.6,1289.2,1270.9,1261.4,1262.7,1273.1,1282.0,1284.7,1283.4,1280.9,1280.9,1282.9,1279.0,1270.3,1260.8,1252.0,1244.7,1239.4,1242.1,1244.4,1247.4,1251.8,1241.6,1236.1,1230.6,1225.6,1247.4,1240.7,1234.9,1234.4,1235.2,1269.6,1264.9,1262.1,1258.9,1260.6,1263.7,1250.7,1250.2,1249.0,1249.6,1247.8,1248.7,1266.9,1249.8,1242.0,1238.2,1236.5,1241.9,1253.3,1242.0,1234.7,1235.7,1239.7,1250.5,1263.3,1242.9,1239.4,1237.7,1251.4,1237.0,1238.3,1242.6,2.385,0.078,0.20600000000000002,0.027000000000000003,609.547,415.676,-13.738,-8.603,3.0860000000000003,-5.769,-9.129,3.975,-8.905,8.132,3.258,-2.918,-15.831,5.153,-5.242999999999999,6.2620000000000005,0.763,1.456,-2.475,0.379,-0.89,-6.0729999999999995,-2.795,3.738,2.906,-4.6819999999999995,-3.55,-0.166,0.02,1.608,0.5,0.835,-0.10400000000000001,-0.618,0.114,0.377,0.82,0.57,0.0,0.36,1.11,1.44,0.53,1.5,0.97,1.2,0.99,2.11,0.0,0.6,1.02,1.15,1.0,0.0,0.0,0.0,0.0,1.0,1.0,0.0,1.0,1.0,1.0,1.0,1.0,1.0,0.0,0.0,1.0,0.0,0.0
20,0.634,0.98,-0.081956,0.181719,-0.979929,-0.211722,0.17920899999999998,-0.960759,-0.15,0.184,517.2,521.6,532.8,544.2,549.2,545.9,533.6,522.2,507.0,511.8,519.6,530.0,542.2,553.3,562.2,553.9,543.0,531.3,520.7,512.5,529.1,534.1,539.1,541.0,538.8,533.8,528.8,526.9,668.0,671.8,682.5,693.8,699.1,695.3,684.6,672.5,659.9,666.3,675.1,686.8,698.0,706.6,713.2,707.4,699.7,690.2,679.1,668.4,678.0,683.9,689.5,691.5,688.7,682.7,677.1,675.2,322.0,309.8,304.7,309.6,321.7,334.7,339.1,334.1,324.8,320.1,316.7,315.0,316.3,320.7,327.2,329.7,330.8,331.4,330.8,328.6,327.3,329.4,327.2,321.8,316.4,314.2,316.5,321.9,323.9,313.6,309.3,313.4,323.6,333.8,338.1,335.1,328.6,323.1,319.2,317.5,319.6,323.4,329.4,331.5,332.2,332.3,331.8,331.4,330.2,332.3,330.0,324.7,319.3,317.2,319.4,324.8,-45.3,-43.7,-39.5,-35.2,-33.4,-34.6,-39.2,-43.5,-49.3,-47.4,-44.4,-40.5,-36.0,-31.9,-28.7,-31.7,-35.7,-40.0,-44.0,-47.2,-40.9,-39.0,-37.2,-36.5,-37.3,-39.2,-41.0,-41.7,10.9,12.4,16.6,21.0,23.0,21.5,17.3,12.6,7.7,10.2,13.6,18.2,22.6,25.9,28.6,26.2,23.2,19.5,15.2,11.0,14.7,17.1,19.2,20.0,19.0,16.6,14.4,13.7,-14.0,-18.5,-20.4,-18.5,-14.1,-9.3,-7.7,-9.5,-13.1,-14.8,-15.9,-16.6,-16.1,-14.5,-12.1,-11.1,-10.7,-10.5,-10.8,-11.6,-12.1,-11.3,-12.1,-14.1,-16.1,-16.9,-16.0,-14.1,-14.0,-18.0,-19.8,-18.1,-14.2,-10.2,-8.5,-9.7,-12.2,-14.3,-15.8,-16.5,-15.7,-14.3,-11.9,-11.1,-10.8,-10.7,-10.9,-11.1,-11.6,-10.7,-11.6,-13.7,-15.8,-16.7,-15.8,-13.7,1107.2,1106.4,1104.9,1103.5,1103.1,1104.1,1105.4,1106.8,1112.6,1109.4,1105.8,1103.5,1102.8,1103.1,1104.2,1103.6,1103.3,1104.0,1106.3,1109.6,1106.7,1106.1,1105.4,1105.1,1105.3,1105.9,1106.5,1106.9,1165.0,1167.1,1168.4,1168.2,1166.5,1164.3,1163.0,1163.4,1164.9,1164.4,1164.1,1164.5,1166.0,1168.2,1170.6,1167.1,1164.3,1162.3,1162.0,1163.1,1165.2,1165.0,1165.8,1166.9,1167.8,1167.9,1167.2,1166.1,-12.1,23.0,1245.7,0.055999999999999994,0.163,0.019,461.8,463.1,468.0,474.6,487.1,508.5,533.7,565.6,606.7,650.3,692.2,729.7,760.4,779.9,789.8,796.1,800.5,474.4,493.0,518.2,544.9,570.7,638.0,671.9,702.7,732.5,755.8,604.8,603.4,601.9,600.5,566.2,584.4,603.4,624.9,644.8,504.9,521.8,542.7,561.8,541.5,521.1,656.3,676.3,697.8,716.7,698.5,677.6,537.3,559.4,583.8,603.6,627.1,658.3,689.6,658.5,627.1,601.9,581.2,558.3,547.6,583.6,603.9,627.8,677.8,626.7,602.6,582.3,320.1,363.5,406.5,449.1,491.5,532.8,570.0,601.0,611.8,607.9,588.3,560.1,523.9,480.4,432.1,384.0,336.5,290.8,271.2,264.5,266.6,274.3,275.6,268.3,268.3,276.3,295.5,317.9,347.2,376.6,407.0,425.0,432.2,438.7,432.0,425.5,325.7,316.5,316.5,326.7,331.0,331.4,328.2,318.1,319.2,328.1,332.9,332.4,483.2,469.7,464.7,469.2,465.5,471.1,484.4,501.6,508.9,510.5,508.3,501.0,484.9,479.9,482.2,480.2,485.2,488.1,490.2,487.8,-77.8,-77.2,-75.1,-72.2,-66.5,-56.8,-45.6,-31.5,-14.0,4.3,22.1,38.3,51.6,59.8,63.9,66.5,68.5,-70.3,-62.0,-51.0,-39.6,-28.7,-0.8,13.2,25.9,38.4,48.2,-14.5,-15.0,-15.6,-16.1,-30.6,-22.9,-15.0,-6.2,2.0,-57.0,-49.7,-40.8,-32.7,-41.3,-49.9,6.8,15.1,24.0,31.9,24.3,15.6,-43.2,-33.5,-23.2,-15.0,-5.3,7.6,20.7,7.6,-5.3,-15.6,-24.2,-33.9,-38.8,-23.3,-14.8,-5.0,15.7,-5.5,-15.4,-23.8,-17.4,1.5,20.3,38.9,57.2,74.6,90.0,101.9,105.7,104.2,96.8,85.5,70.2,51.5,30.8,10.2,-10.0,-29.3,-37.5,-40.0,-38.9,-35.5,-34.8,-37.9,-38.0,-34.7,-26.9,-17.4,-5.2,6.8,19.1,26.9,29.8,32.3,29.5,26.9,-14.5,-18.3,-18.2,-13.9,-12.2,-12.0,-13.2,-17.4,-17.0,-13.3,-11.3,-11.4,51.9,45.5,43.2,44.9,43.3,45.9,51.9,58.5,61.0,61.7,61.0,58.5,52.5,49.5,50.3,49.4,52.2,52.6,53.5,52.7,1309.2,1308.9,1309.5,1308.9,1304.4,1296.2,1285.7,1268.2,1259.5,1261.2,1271.9,1281.6,1284.6,1283.0,1280.2,1279.1,1280.2,1273.0,1264.9,1256.3,1248.7,1242.6,1236.6,1240.0,1242.5,1245.4,1249.3,1238.8,1232.8,1226.8,1221.3,1242.7,1236.3,1231.0,1231.1,1232.5,1265.2,1260.6,1257.9,1255.0,1256.5,1259.5,1248.0,1247.5,1246.6,1247.5,1245.4,1246.0,1263.0,1245.0,1237.2,1234.0,1232.5,1238.9,1252.0,1238.7,1230.1,1230.4,1233.9,1245.0,1259.4,1238.6,1235.4,1234.3,1249.5,1232.4,1233.2,1237.0,2.392,0.081,0.183,0.018000000000000002,611.169,415.23699999999997,-8.66,-5.672999999999999,1.614,-4.905,-12.687999999999999,5.952999999999999,-8.652000000000001,9.523,-0.067,-5.115,-16.048,6.7829999999999995,-5.221,1.754,1.493,0.264,-2.9360000000000004,-1.7690000000000001,2.465,-6.001,-3.1919999999999997,2.823,3.3280000000000003,-4.37,-3.5269999999999997,0.27899999999999997,-0.10300000000000001,1.4780000000000002,0.138,0.375,0.24100000000000002,-0.75,-0.125,-0.048,0.82,0.46,0.0,0.36,1.12,1.41,0.56,1.4,0.97,1.14,0.95,1.93,0.08,0.56,1.14,1.09,0.98,0.0,0.0,0.0,0.0,1.0,1.0,0.0,1.0,1.0,1.0,1.0,1.0,1.0,0.0,1.0,1.0,0.0,0.0
21,0.667,0.98,-0.080038,0.17280299999999998,-0.981699,-0.23253400000000002,0.184082,-0.955009,-0.16,0.182,517.2,521.6,532.8,544.2,549.1,545.7,533.5,522.1,506.7,511.6,519.4,529.9,542.0,552.6,560.7,552.7,542.0,530.6,520.3,512.2,529.0,534.0,538.9,540.8,538.6,533.7,528.8,526.9,667.5,671.4,682.3,693.6,698.8,694.9,684.1,671.9,659.6,666.3,675.2,686.7,697.8,706.5,713.4,707.1,699.2,689.5,678.5,668.0,677.3,683.5,689.4,691.5,688.6,682.5,676.6,674.5,322.2,310.1,304.9,309.8,321.8,334.7,339.0,334.1,325.0,320.0,316.7,314.9,316.3,320.8,327.7,329.9,330.8,331.3,330.5,328.4,327.2,329.3,327.1,321.9,316.7,314.6,316.8,322.0,324.3,313.9,309.4,313.5,323.7,334.2,338.6,335.6,328.7,322.9,319.0,317.4,319.4,323.4,329.4,331.5,332.3,332.5,332.0,331.5,330.7,333.0,330.5,324.9,319.3,317.0,319.5,325.2,-46.4,-44.6,-40.4,-36.0,-34.2,-35.5,-40.1,-44.5,-50.5,-48.5,-45.4,-41.4,-36.8,-32.9,-29.8,-32.8,-36.8,-41.2,-45.1,-48.3,-41.9,-40.0,-38.1,-37.4,-38.2,-40.1,-41.9,-42.7,10.7,12.2,16.4,20.8,22.8,21.3,17.1,12.4,7.6,10.2,13.6,18.1,22.4,25.8,28.6,26.0,22.9,19.1,14.9,10.8,14.5,16.9,19.2,20.0,18.9,16.5,14.2,13.4,-14.3,-18.8,-20.7,-18.9,-14.4,-9.5,-7.9,-9.8,-13.3,-15.1,-16.3,-17.0,-16.4,-14.8,-12.1,-11.3,-11.0,-10.8,-11.1,-11.9,-12.4,-11.6,-12.4,-14.4,-16.3,-17.1,-16.3,-14.3,-13.8,-17.9,-19.7,-18.1,-14.1,-10.0,-8.3,-9.4,-12.1,-14.4,-15.9,-16.5,-15.7,-14.2,-11.9,-11.1,-10.7,-10.6,-10.8,-11.0,-11.3,-10.5,-11.4,-13.6,-15.8,-16.7,-15.7,-13.5,1132.1,1131.4,1130.0,1128.8,1128.4,1129.3,1130.4,1131.7,1137.0,1134.1,1130.7,1128.5,1127.9,1128.3,1129.4,1128.7,1128.3,1128.9,1131.1,1134.3,1131.7,1131.1,1130.6,1130.3,1130.4,1131.0,1131.6,1131.9,1162.4,1164.4,1165.5,1165.2,1163.5,1161.5,1160.4,1160.8,1162.4,1161.9,1161.5,1161.8,1163.1,1165.2,1167.7,1164.2,1161.4,1159.6,1159.4,1160.6,1162.5,1162.3,1163.0,1164.1,1165.0,1165.1,1164.5,1163.4,-12.9,23.1,1249.2,0.052000000000000005,0.185,0.027999999999999997,464.3,465.8,470.4,475.5,485.5,505.2,529.9,561.1,602.4,646.7,689.7,727.5,758.6,778.5,789.0,796.8,802.9,473.3,492.0,517.5,544.6,571.0,635.7,670.6,702.1,733.1,758.0,603.6,601.9,600.0,598.3,564.6,582.2,600.8,622.5,642.3,504.5,521.5,542.3,561.2,540.8,520.7,656.0,676.1,697.6,716.6,698.3,677.4,533.8,555.0,579.3,599.9,624.7,656.1,687.4,655.8,623.8,597.2,575.5,553.0,543.9,578.7,600.0,625.1,675.8,623.8,598.3,577.1,318.3,362.5,405.7,447.8,490.1,531.1,567.9,598.7,610.1,607.0,588.8,561.5,525.7,482.1,433.7,385.1,337.0,293.3,272.9,266.2,267.7,274.8,275.9,268.7,268.7,276.3,295.1,317.6,346.7,376.0,406.4,424.0,431.4,438.0,431.5,425.1,325.9,316.8,316.7,326.9,331.0,331.3,328.4,318.0,318.9,328.0,332.9,332.5,482.6,468.7,464.3,469.1,465.8,471.7,485.5,502.7,510.3,511.8,509.4,501.2,484.2,478.2,481.0,479.3,486.2,490.7,492.8,490.2,-76.9,-76.2,-74.2,-71.9,-67.3,-58.4,-47.3,-33.4,-15.8,2.8,21.1,37.4,50.8,59.2,63.6,66.9,69.6,-71.1,-62.6,-51.5,-39.8,-28.6,-1.8,12.7,25.8,38.7,49.2,-15.0,-15.7,-16.4,-17.0,-31.3,-23.9,-16.1,-7.2,1.0,-57.3,-50.0,-41.1,-33.1,-41.7,-50.2,6.7,15.0,24.0,31.9,24.2,15.6,-44.8,-35.4,-25.1,-16.5,-6.3,6.7,19.8,6.5,-6.7,-17.6,-26.6,-36.2,-40.5,-25.4,-16.5,-6.1,14.9,-6.7,-17.2,-26.0,-18.2,1.1,20.0,38.4,56.7,74.1,89.4,101.1,105.1,103.9,97.0,86.0,70.9,52.2,31.5,10.7,-9.8,-28.4,-36.9,-39.4,-38.5,-35.3,-34.7,-37.8,-37.8,-34.8,-27.1,-17.5,-5.5,6.6,18.9,26.6,29.5,32.1,29.4,26.8,-14.4,-18.2,-18.2,-13.9,-12.2,-12.1,-13.2,-17.5,-17.1,-13.3,-11.3,-11.4,51.8,45.3,43.2,45.0,43.6,46.2,52.4,59.0,61.8,62.5,61.7,58.8,52.3,49.0,49.9,49.2,52.6,53.9,54.8,53.9,1312.9,1311.7,1311.8,1311.1,1307.1,1299.7,1289.4,1270.7,1260.7,1261.7,1272.1,1281.3,1284.1,1282.9,1280.6,1280.5,1282.5,1278.8,1270.1,1260.6,1251.7,1244.3,1238.8,1241.7,1244.1,1247.2,1251.7,1241.1,1235.5,1229.9,1224.8,1246.8,1240.0,1234.0,1233.7,1234.5,1269.3,1264.5,1261.6,1258.4,1260.1,1263.3,1250.3,1249.7,1248.6,1249.1,1247.3,1248.2,1266.9,1249.4,1241.3,1237.5,1235.7,1241.3,1253.1,1241.1,1233.4,1234.5,1238.5,1249.8,1263.2,1242.2,1238.6,1237.0,1251.1,1235.9,1237.2,1241.5,2.386,0.076,0.20800000000000002,0.027000000000000003,609.432,415.327,-11.995999999999999,-8.982000000000001,3.568,-5.977,-10.109,4.7589999999999995,-10.1,7.403,2.759,-2.595,-16.058,6.232,-5.891,5.994,1.3630000000000002,1.889,-2.392,-0.185,-0.665,-5.689,-2.9619999999999997,3.591,2.784,-4.418,-3.885,0.011000000000000001,-0.228,1.655,0.43,0.785,-0.066,-0.8270000000000001,0.10300000000000001,0.391,0.77,0.53,0.0,0.44,1.18,1.4,0.53,1.42,1.04,1.37,0.87,2.01,0.09,0.65,1.03,1.22,0.93,0.0,0.0,0.0,0.0,1.0,1.0,0.0,1.0,1.0,1.0,1.0,1.0,0.0,0.0,0.0,1.0,0.0,0.0
22,0.701,0.98,-0.06299,0.185552,-0.980613,-0.204279,0.183925,-0.9614790000000001,-0.13699999999999998,0.188,516.9,521.6,532.9,544.2,549.0,545.4,533.1,521.7,506.9,511.5,519.1,529.6,542.0,552.7,560.7,552.4,541.1,529.2,519.2,511.6,529.0,533.8,538.6,540.6,538.6,533.7,528.9,527.0,667.4,671.4,682.2,693.3,698.4,694.4,683.7,671.7,659.1,665.8,674.6,686.0,697.2,706.2,713.1,706.4,698.0,687.8,676.9,666.8,677.1,683.3,689.2,691.3,688.5,682.4,676.5,674.4,322.4,310.0,304.7,309.4,321.6,334.8,339.3,334.5,325.2,319.9,316.5,314.7,316.3,320.9,327.7,329.8,330.3,330.6,330.0,328.3,327.4,329.5,327.2,321.9,316.8,314.8,317.0,322.3,324.3,313.6,308.9,312.9,323.2,333.8,338.5,335.6,328.9,323.0,318.9,317.2,319.1,323.0,328.7,331.1,332.2,332.5,332.1,331.6,330.5,332.7,330.1,324.3,318.6,316.4,319.0,324.8,-45.6,-43.8,-39.6,-35.3,-33.6,-34.9,-39.5,-43.8,-49.5,-47.7,-44.7,-40.7,-36.1,-32.2,-29.3,-32.3,-36.5,-40.9,-44.7,-47.6,-41.1,-39.3,-37.5,-36.7,-37.5,-39.3,-41.1,-41.8,10.8,12.3,16.6,21.0,22.9,21.3,17.1,12.4,7.5,10.1,13.6,18.0,22.4,26.0,28.8,26.1,22.7,18.7,14.5,10.5,14.6,17.0,19.3,20.2,19.1,16.7,14.4,13.5,-13.9,-18.5,-20.5,-18.7,-14.2,-9.3,-7.7,-9.4,-12.9,-14.9,-16.1,-16.7,-16.1,-14.4,-11.9,-11.1,-10.9,-10.9,-11.1,-11.8,-12.0,-11.3,-12.1,-14.1,-16.0,-16.7,-15.9,-14.0,-14.0,-18.2,-20.1,-18.5,-14.5,-10.3,-8.4,-9.6,-12.2,-14.5,-16.1,-16.8,-16.1,-14.5,-12.3,-11.3,-10.9,-10.8,-10.9,-11.1,-11.6,-10.7,-11.7,-14.0,-16.3,-17.1,-16.1,-13.8,1110.7,1110.3,1108.8,1107.2,1106.4,1107.0,1108.3,1109.9,1116.1,1113.2,1109.7,1107.4,1106.4,1106.4,1107.1,1106.6,1106.4,1107.4,1109.9,1113.2,1109.9,1109.3,1108.7,1108.5,1108.8,1109.5,1110.1,1110.3,1176.9,1178.5,1179.3,1178.9,1177.5,1176.0,1175.1,1175.7,1177.7,1176.9,1176.2,1176.2,1177.4,1179.4,1181.7,1178.4,1175.8,1174.3,1174.4,1175.8,1177.1,1176.9,1177.3,1178.2,1179.0,1179.2,1178.7,1177.9,-12.3,22.8,1243.9,0.057999999999999996,0.16399999999999998,0.019,461.5,462.7,467.5,474.1,486.8,508.4,533.7,565.3,606.5,650.6,692.8,730.6,761.1,780.2,789.9,795.8,799.9,474.1,492.9,518.2,544.9,570.5,637.6,671.6,702.7,732.5,755.4,604.7,603.2,601.6,600.2,565.9,583.9,602.8,624.3,644.2,504.3,521.1,541.9,560.8,540.5,520.2,655.6,675.4,696.9,715.7,697.5,676.7,537.1,559.2,583.5,603.0,626.0,657.4,689.3,657.4,625.8,601.0,580.7,557.9,547.2,583.3,603.3,626.8,677.5,625.7,601.9,582.1,318.9,362.6,406.2,449.2,491.8,533.1,569.9,600.9,611.9,607.9,587.9,559.4,523.1,479.8,431.9,384.1,337.0,290.8,271.1,264.2,266.4,274.5,275.4,268.0,267.9,276.3,295.9,317.9,347.2,376.5,406.9,424.9,432.2,438.7,432.1,425.4,325.6,316.3,316.4,326.8,331.0,331.3,328.2,317.8,318.8,327.9,332.7,332.3,482.4,469.4,464.8,469.2,465.7,471.0,483.9,501.1,508.2,509.7,507.5,500.1,484.2,479.5,481.8,479.8,484.7,488.4,490.4,488.1,-77.8,-77.3,-75.2,-72.3,-66.6,-56.8,-45.5,-31.6,-14.0,4.4,22.3,38.6,51.8,59.8,63.9,66.3,68.2,-70.3,-61.9,-50.9,-39.5,-28.7,-1.0,13.1,25.9,38.4,48.0,-14.6,-15.1,-15.7,-16.2,-30.6,-23.1,-15.2,-6.4,1.7,-57.1,-49.9,-41.1,-33.1,-41.6,-50.2,6.5,14.7,23.6,31.4,23.8,15.2,-43.3,-33.5,-23.2,-15.2,-5.7,7.2,20.5,7.2,-5.8,-16.0,-24.4,-34.0,-38.9,-23.4,-15.1,-5.4,15.6,-5.9,-15.6,-23.9,-17.9,1.1,20.1,38.9,57.3,74.7,89.9,101.7,105.6,104.0,96.5,85.0,69.7,51.1,30.6,10.3,-9.8,-29.3,-37.4,-40.0,-38.9,-35.4,-34.8,-38.0,-38.1,-34.7,-26.7,-17.4,-5.2,6.7,19.1,26.8,29.7,32.2,29.5,26.8,-14.5,-18.3,-18.2,-13.9,-12.1,-12.0,-13.2,-17.5,-17.1,-13.3,-11.3,-11.5,51.5,45.3,43.1,44.9,43.3,45.8,51.7,58.2,60.7,61.3,60.6,58.0,52.1,49.3,50.1,49.2,51.9,52.7,53.5,52.7,1308.4,1308.1,1308.6,1307.8,1303.3,1295.2,1284.9,1267.1,1257.9,1259.2,1269.7,1279.3,1282.3,1280.7,1278.2,1277.4,1278.8,1270.8,1262.9,1254.4,1246.7,1240.6,1234.6,1238.2,1240.9,1244.1,1248.4,1236.7,1230.7,1224.6,1219.0,1240.7,1234.2,1228.7,1228.8,1230.2,1263.1,1258.5,1255.7,1252.9,1254.4,1257.3,1246.2,1245.7,1244.9,1245.8,1243.6,1244.2,1261.6,1243.4,1235.3,1232.2,1230.8,1237.4,1250.9,1237.2,1228.3,1228.7,1232.2,1243.4,1258.0,1236.6,1233.5,1232.5,1248.4,1230.8,1231.5,1235.2,2.395,0.083,0.18600000000000003,0.017,610.755,415.039,-7.434,-3.5989999999999998,2.659,-5.247999999999999,-12.331,6.047999999999999,-8.177999999999999,9.016,-0.013999999999999999,-4.187,-16.232,8.338,-5.822,1.301,2.235,0.8009999999999999,-3.023,-1.817,1.954,-5.415,-3.636,3.512,3.904,-3.8739999999999997,-3.2110000000000003,0.19399999999999998,-0.20199999999999999,1.239,0.192,0.321,0.099,-0.9359999999999999,-0.162,0.004,0.79,0.51,0.0,0.4,1.15,1.28,0.47,1.34,1.05,1.24,0.86,1.94,0.16,0.6,1.12,1.21,0.9,0.0,0.0,0.0,0.0,1.0,1.0,0.0,1.0,1.0,1.0,1.0,1.0,1.0,0.0,1.0,1.0,0.0,0.0
23,0.7340000000000001,0.98,-0.08025,0.18128699999999998,-0.98015,-0.24345,0.184756,-0.9521540000000001,-0.166,0.187,516.7,521.5,532.8,544.1,548.6,544.9,532.5,521.3,507.1,511.7,519.2,529.5,541.6,552.2,560.1,551.8,540.6,529.0,519.2,511.7,528.6,533.4,538.3,540.3,538.4,533.6,528.7,526.7,666.6,670.5,681.3,692.8,698.1,694.2,683.4,671.2,658.9,665.6,674.5,686.1,697.4,706.1,712.9,706.7,698.8,689.0,678.0,667.5,676.5,682.8,688.7,690.8,687.9,681.6,675.6,673.5,322.1,309.9,304.7,309.7,321.8,334.9,339.2,334.3,324.6,319.3,316.0,314.4,316.0,320.6,327.6,329.8,330.5,330.7,329.9,328.0,327.4,329.5,327.3,322.1,316.9,314.8,317.0,322.2,324.0,313.4,308.8,312.9,323.3,334.0,338.6,335.6,329.0,322.9,318.7,316.8,318.8,322.8,328.7,330.9,331.7,332.1,331.8,331.5,330.6,332.8,330.3,324.4,318.7,316.4,319.0,324.8,-46.1,-44.2,-40.0,-35.7,-34.0,-35.4,-40.1,-44.3,-49.9,-48.0,-45.1,-41.2,-36.6,-32.7,-29.7,-32.8,-37.0,-41.3,-45.1,-48.0,-41.6,-39.8,-37.9,-37.2,-37.9,-39.7,-41.5,-42.3,10.2,11.7,15.9,20.3,22.3,20.8,16.6,12.0,7.3,9.8,13.2,17.7,22.1,25.5,28.1,25.7,22.6,18.8,14.6,10.5,14.0,16.4,18.7,19.6,18.4,16.0,13.7,12.9,-14.2,-18.7,-20.6,-18.7,-14.2,-9.3,-7.7,-9.6,-13.3,-15.2,-16.4,-17.0,-16.4,-14.7,-12.1,-11.2,-11.0,-10.9,-11.2,-12.0,-12.2,-11.4,-12.2,-14.1,-16.1,-16.9,-16.1,-14.1,-13.8,-17.9,-19.7,-18.1,-14.1,-10.0,-8.2,-9.4,-11.9,-14.2,-15.9,-16.6,-15.8,-14.3,-12.1,-11.2,-10.9,-10.7,-10.8,-10.9,-11.3,-10.4,-11.4,-13.7,-15.9,-16.8,-15.8,-13.5,1120.9,1120.4,1118.9,1117.3,1116.4,1117.0,1118.4,1120.0,1126.0,1123.0,1119.6,1117.3,1116.3,1116.3,1117.0,1116.5,1116.4,1117.3,1119.8,1123.2,1120.1,1119.4,1118.7,1118.5,1118.9,1119.6,1120.2,1120.4,1152.5,1154.4,1155.5,1155.3,1153.8,1151.9,1150.8,1151.1,1152.5,1152.0,1151.6,1152.0,1153.5,1155.7,1158.2,1154.7,1151.9,1150.0,1149.7,1150.8,1152.7,1152.6,1153.3,1154.3,1155.1,1155.3,1154.6,1153.5,-13.1,22.8,1249.3,0.049,0.18899999999999997,0.027999999999999997,464.0,465.3,469.6,474.6,484.8,504.8,529.8,561.4,602.5,646.5,689.3,727.1,758.2,778.0,788.4,796.0,802.1,472.8,491.5,516.9,543.9,570.2,635.6,670.6,702.1,733.1,757.7,603.1,601.4,599.5,597.8,564.3,581.9,600.3,621.9,641.7,504.1,521.0,541.8,560.5,540.2,520.1,655.5,675.5,697.1,716.0,697.8,676.9,533.6,555.2,579.3,599.5,623.6,655.2,687.3,654.7,622.4,596.5,575.4,553.0,543.6,578.7,599.6,624.0,675.5,622.6,597.8,577.0,318.0,362.0,405.1,447.3,489.8,531.2,568.2,599.1,610.3,606.9,588.6,561.3,525.6,482.2,433.9,385.4,337.4,292.5,271.7,264.8,266.4,273.9,274.8,267.3,267.3,275.0,294.3,317.2,346.2,375.4,405.7,423.7,431.0,437.5,431.0,424.5,325.6,316.3,316.3,326.7,330.9,331.1,328.1,317.4,318.2,327.5,332.5,332.2,482.0,468.6,464.4,469.0,465.7,471.2,484.7,501.5,508.6,510.0,507.7,500.1,483.8,478.0,480.6,478.9,485.5,489.8,491.8,489.4,-77.1,-76.4,-74.5,-72.3,-67.6,-58.6,-47.4,-33.3,-15.7,2.7,20.9,37.2,50.5,58.9,63.3,66.5,69.2,-71.3,-62.9,-51.7,-40.1,-28.9,-1.8,12.7,25.8,38.7,49.1,-15.3,-15.9,-16.6,-17.2,-31.5,-24.0,-16.3,-7.4,0.7,-57.5,-50.2,-41.3,-33.4,-41.9,-50.5,6.5,14.8,23.8,31.6,24.0,15.4,-45.0,-35.3,-25.1,-16.7,-6.7,6.3,19.8,6.1,-7.2,-17.9,-26.6,-36.2,-40.6,-25.4,-16.7,-6.6,14.8,-7.2,-17.4,-26.1,-18.4,0.9,19.7,38.2,56.5,74.2,89.5,101.3,105.2,103.8,96.8,85.9,70.8,52.2,31.5,10.8,-9.6,-28.8,-37.4,-40.0,-39.0,-35.7,-35.2,-38.3,-38.4,-35.3,-27.4,-17.7,-5.7,6.3,18.7,26.5,29.4,31.9,29.2,26.5,-14.5,-18.4,-18.4,-14.0,-12.2,-12.2,-13.3,-17.7,-17.4,-13.5,-11.4,-11.5,51.5,45.2,43.2,45.0,43.6,46.0,52.1,58.5,61.1,61.7,61.0,58.4,52.1,48.9,49.8,49.0,52.3,53.5,54.4,53.6,1313.4,1312.2,1312.1,1311.1,1306.9,1299.3,1289.2,1270.5,1260.2,1261.0,1271.2,1280.3,1283.1,1281.8,1279.6,1279.5,1281.4,1278.7,1270.2,1260.7,1251.9,1244.7,1238.5,1241.4,1243.7,1247.0,1251.6,1241.1,1235.5,1230.0,1224.9,1246.9,1240.0,1234.0,1233.7,1234.6,1269.5,1264.8,1261.8,1258.6,1260.3,1263.6,1250.2,1249.7,1248.5,1249.0,1247.2,1248.1,1267.3,1249.6,1241.5,1237.8,1236.0,1241.6,1253.6,1241.0,1233.1,1234.1,1238.0,1249.5,1263.6,1242.2,1238.8,1237.1,1251.4,1235.8,1237.0,1241.2,2.386,0.073,0.212,0.027000000000000003,608.969,414.809,-13.214,-8.218,3.091,-6.871,-9.397,5.562,-10.644,7.716,2.46,-2.71,-17.089000000000002,6.694,-7.2589999999999995,4.9030000000000005,1.8780000000000001,2.153,-2.665,0.10300000000000001,-0.44799999999999995,-4.7010000000000005,-3.395,3.386,3.011,-4.513,-3.819,-0.069,-0.013999999999999999,1.831,0.41100000000000003,0.883,-0.046,-0.9740000000000001,0.155,0.385,0.83,0.73,0.0,0.38,1.17,1.25,0.46,1.39,1.08,1.32,0.81,2.08,0.09,0.64,1.01,1.26,0.9,0.0,0.0,0.0,0.0,1.0,1.0,0.0,1.0,1.0,1.0,1.0,1.0,1.0,0.0,0.0,1.0,0.0,0.0
24,0.767,0.98,0.009826,0.182393,-0.9831770000000001,-0.24334699999999998,0.186612,-0.951818,-0.12,0.188,518.8,523.8,535.5,547.0,551.6,547.6,534.9,523.4,506.9,511.9,519.8,530.5,542.8,552.6,559.6,551.4,540.6,529.0,519.4,511.9,530.2,535.6,541.1,543.5,541.3,535.9,530.4,528.0,665.3,670.0,681.9,694.1,699.3,694.6,682.7,669.7,657.9,665.4,675.4,687.4,698.6,707.9,714.9,708.3,699.2,688.3,676.6,665.9,676.5,682.5,688.3,690.6,688.0,682.1,676.2,673.9,320.6,308.6,303.5,308.5,320.5,333.4,337.6,332.6,323.9,318.3,314.9,313.1,314.7,319.3,326.5,328.4,329.0,329.1,328.4,326.7,326.5,328.8,326.5,320.8,315.1,312.8,315.1,320.8,322.5,311.1,306.3,310.8,322.2,333.6,338.5,334.9,327.9,321.7,317.6,316.2,318.1,322.1,327.4,329.6,330.3,330.4,330.2,330.0,328.9,331.1,328.8,323.2,317.6,315.4,317.7,323.3,-45.7,-43.8,-39.4,-35.0,-33.2,-34.8,-39.5,-43.9,-50.4,-48.4,-45.3,-41.2,-36.5,-32.9,-30.2,-33.3,-37.4,-41.7,-45.5,-48.4,-41.4,-39.3,-37.2,-36.3,-37.2,-39.2,-41.3,-42.2,9.4,11.2,15.6,20.1,22.0,20.3,15.8,11.0,6.7,9.4,13.1,17.6,21.8,25.3,27.9,25.4,22.0,17.9,13.6,9.6,13.6,15.8,17.9,18.8,17.9,15.6,13.5,12.6,-14.9,-19.4,-21.3,-19.4,-14.9,-10.0,-8.4,-10.3,-13.7,-15.8,-17.0,-17.6,-17.0,-15.3,-12.6,-11.9,-11.6,-11.6,-11.9,-12.6,-12.6,-11.7,-12.6,-14.8,-16.9,-17.8,-16.9,-14.8,-13.9,-18.2,-20.0,-18.3,-14.1,-9.8,-8.0,-9.3,-11.9,-14.2,-15.7,-16.2,-15.6,-14.1,-12.1,-11.3,-11.0,-11.0,-11.0,-11.1,-11.6,-10.7,-11.6,-13.7,-15.8,-16.6,-15.7,-13.6,1131.0,1131.0,1130.1,1128.9,1128.1,1128.3,1129.0,1130.2,1136.2,1133.5,1130.4,1128.4,1127.7,1127.8,1128.5,1127.9,1127.5,1128.3,1130.6,1133.6,1130.7,1130.1,1129.7,1129.7,1130.1,1130.6,1131.1,1131.1,1113.8,1115.5,1116.3,1115.8,1114.2,1112.6,1111.8,1112.4,1114.3,1113.5,1113.0,1113.1,1114.2,1116.3,1118.4,1115.5,1112.8,1111.2,1111.3,1112.6,1114.0,1113.7,1114.1,1115.0,1115.7,1116.0,1115.6,1114.7,-12.2,22.0,1236.6,0.048,0.16699999999999998,0.019,461.9,462.8,467.4,474.0,486.6,508.2,533.7,565.9,607.5,651.4,693.2,730.6,760.7,779.5,789.1,795.3,799.9,474.1,492.2,517.2,544.0,569.7,638.2,672.4,703.7,733.6,756.2,604.6,603.0,601.2,599.7,565.5,583.7,602.7,624.3,644.3,504.1,521.0,542.0,561.1,540.7,520.2,655.5,676.0,697.7,716.8,698.5,677.2,536.5,558.8,583.1,602.6,625.5,657.0,689.4,657.0,625.4,600.7,580.4,557.5,546.7,583.0,603.0,626.3,677.4,625.1,601.6,581.6,318.5,362.3,405.9,449.0,491.5,532.7,569.3,599.6,610.3,606.3,586.9,559.1,523.1,479.7,431.6,383.5,336.3,287.5,266.5,258.7,260.7,269.0,269.7,261.9,262.0,270.9,291.4,315.3,345.1,374.9,405.8,424.0,431.2,437.6,430.9,424.4,324.2,314.9,315.1,325.3,329.8,330.1,326.6,316.4,317.3,326.3,331.4,331.0,481.5,468.4,463.5,468.0,464.3,469.8,482.7,499.7,506.4,507.9,505.9,498.9,483.3,478.8,481.0,478.9,483.5,486.3,488.2,486.1,-77.2,-76.8,-74.8,-71.9,-66.2,-56.6,-45.2,-31.1,-13.6,4.7,22.4,38.4,51.3,59.2,63.2,65.8,67.8,-69.9,-61.9,-51.1,-39.7,-28.9,-0.7,13.3,26.2,38.6,48.1,-14.5,-15.1,-15.7,-16.3,-30.7,-23.0,-15.2,-6.4,1.8,-56.9,-49.7,-40.8,-32.8,-41.3,-49.9,6.4,14.8,23.8,31.7,24.1,15.4,-43.3,-33.4,-23.3,-15.2,-5.9,7.0,20.5,7.0,-6.0,-16.0,-24.3,-34.0,-38.9,-23.3,-15.1,-5.6,15.5,-6.1,-15.7,-23.9,-18.0,1.0,19.9,38.6,56.8,74.1,89.0,100.5,104.3,102.7,95.5,84.4,69.3,50.8,30.3,10.0,-10.1,-30.6,-39.2,-42.1,-41.0,-37.4,-36.9,-40.2,-40.3,-36.7,-28.4,-18.3,-6.1,6.0,18.5,26.3,29.1,31.6,28.9,26.3,-15.0,-18.8,-18.7,-14.4,-12.6,-12.4,-13.8,-18.0,-17.6,-13.9,-11.8,-11.9,50.8,44.6,42.4,44.1,42.5,45.0,50.8,57.2,59.5,60.2,59.5,57.2,51.4,48.7,49.4,48.6,51.1,51.5,52.3,51.6,1301.0,1300.5,1300.8,1299.9,1295.5,1287.1,1276.3,1258.5,1249.7,1251.4,1262.2,1271.9,1274.9,1273.2,1270.7,1270.0,1271.5,1264.6,1257.0,1248.1,1240.1,1233.6,1226.8,1230.3,1233.3,1236.8,1241.1,1230.0,1223.8,1217.6,1211.9,1233.5,1227.2,1221.7,1221.8,1223.4,1256.7,1252.0,1249.1,1246.1,1247.7,1250.8,1238.8,1238.5,1237.7,1238.6,1236.3,1236.9,1253.8,1235.7,1227.6,1224.5,1223.1,1229.4,1243.0,1228.9,1220.1,1220.4,1223.8,1235.1,1250.2,1229.0,1226.0,1224.8,1240.3,1222.9,1223.5,1227.2,2.4090000000000003,0.073,0.188,0.018000000000000002,610.695,413.309,-7.565,-4.611000000000001,0.611,-3.492,-11.107999999999999,6.272,-9.689,10.402000000000001,-3.319,-3.8689999999999998,-17.637999999999998,6.245,-5.595,1.035,2.344,0.7879999999999999,-3.2939999999999996,-1.371,1.653,-4.89,-3.1910000000000003,3.017,3.762,-4.15,-3.4160000000000004,0.273,-0.248,1.3119999999999998,0.264,0.379,0.32799999999999996,-1.062,0.008,0.065,1.01,1.12,0.0,0.36,1.02,1.26,0.29,1.31,1.02,1.13,0.85,2.06,0.16,0.62,1.09,1.11,0.94,0.0,0.0,0.0,0.0,1.0,1.0,0.0,1.0,1.0,1.0,1.0,1.0,1.0,0.0,0.0,1.0,0.0,0.0
25,0.8009999999999999,0.98,-0.08377799999999999,0.20742600000000003,-0.974657,-0.214747,0.189661,-0.9580770000000001,-0.153,0.203,518.8,524.3,535.7,546.2,549.8,545.1,532.9,522.3,507.4,514.3,522.9,533.6,544.8,553.6,560.1,551.8,541.4,530.5,520.8,513.1,528.0,533.9,540.2,543.4,541.4,535.5,529.1,526.0,668.2,673.0,684.8,696.6,701.7,696.9,685.1,672.4,659.2,666.8,677.0,689.2,700.5,709.8,716.4,709.9,700.8,689.9,678.2,667.4,679.4,684.8,690.1,692.2,690.0,684.6,679.3,677.2,318.8,308.5,304.3,308.8,319.3,330.7,333.9,329.4,322.2,316.0,311.8,310.2,312.5,317.3,324.1,326.8,327.0,327.0,326.3,325.0,325.7,328.3,326.0,320.1,314.2,311.7,314.0,319.8,320.4,308.5,303.8,308.9,320.8,332.7,337.4,333.3,326.5,319.9,315.5,313.9,315.7,319.6,324.8,327.4,328.5,328.8,328.7,328.4,326.4,328.7,326.6,321.3,315.9,313.6,315.7,321.0,-47.6,-45.5,-41.0,-36.8,-35.4,-37.2,-42.0,-46.1,-52.3,-49.5,-46.0,-41.7,-37.3,-33.9,-31.3,-34.5,-38.6,-42.8,-46.7,-49.9,-44.0,-41.6,-39.1,-37.9,-38.7,-41.1,-43.6,-44.8,10.5,12.3,16.6,21.1,22.9,21.1,16.7,12.0,7.1,9.9,13.7,18.3,22.5,26.0,28.5,26.0,22.6,18.5,14.2,10.2,14.6,16.6,18.6,19.4,18.6,16.6,14.6,13.8,-16.2,-20.3,-21.9,-20.1,-15.9,-11.5,-10.2,-12.0,-14.9,-17.3,-18.9,-19.5,-18.6,-16.7,-14.1,-13.0,-12.9,-12.9,-13.2,-13.8,-13.4,-12.4,-13.3,-15.6,-18.0,-19.0,-18.1,-15.8,-14.7,-19.1,-20.9,-19.0,-14.5,-10.1,-8.4,-9.9,-12.4,-14.9,-16.5,-17.1,-16.4,-15.1,-13.1,-12.1,-11.7,-11.5,-11.6,-11.7,-12.5,-11.6,-12.4,-14.4,-16.4,-17.3,-16.5,-14.5,1178.3,1179.6,1179.4,1177.8,1175.9,1174.7,1174.8,1176.4,1182.7,1180.3,1178.0,1176.5,1176.1,1176.2,1176.7,1175.0,1174.0,1174.4,1176.2,1179.2,1177.5,1176.6,1176.5,1177.2,1178.3,1179.2,1179.3,1178.6,1113.2,1114.3,1115.2,1115.2,1114.5,1113.4,1112.5,1112.6,1113.8,1112.8,1112.2,1112.4,1113.9,1116.5,1119.1,1116.1,1113.2,1111.5,1111.4,1112.4,1114.1,1114.1,1114.5,1115.0,1115.3,1115.3,1114.9,1114.4,-12.6,20.9,1234.7,0.038,0.19399999999999998,0.032,465.0,465.5,469.4,474.5,484.7,504.4,529.3,561.8,603.4,647.3,689.8,727.5,758.0,777.6,788.7,797.4,804.6,474.9,492.7,516.9,543.2,569.0,639.4,673.5,704.0,733.6,757.5,604.3,602.2,599.9,597.8,564.5,582.5,601.1,622.6,642.6,505.4,522.2,543.6,562.3,541.9,521.3,656.4,677.0,699.2,718.4,700.1,678.4,534.0,555.6,579.5,600.0,624.0,655.2,686.9,654.7,622.9,596.9,575.6,553.3,544.2,579.0,600.1,624.4,674.8,622.9,598.2,577.1,315.4,359.5,402.4,445.4,488.0,530.1,567.5,597.8,608.2,604.5,586.6,559.9,524.1,480.6,431.8,383.0,335.0,281.3,259.2,251.1,252.2,259.5,260.8,253.7,254.5,263.0,282.8,311.5,341.4,371.2,402.1,421.4,428.5,434.9,428.4,422.2,321.9,312.1,312.4,322.9,328.0,328.1,324.6,314.2,314.9,324.4,330.0,329.8,481.1,466.6,461.4,466.0,462.5,468.5,482.9,498.8,505.5,507.1,505.1,498.5,482.6,476.4,478.8,476.8,483.5,486.3,488.4,486.1,-75.7,-75.4,-73.7,-71.4,-66.8,-58.0,-46.9,-32.7,-15.2,3.0,20.8,36.9,49.8,58.0,62.6,66.3,69.4,-69.6,-61.7,-51.2,-39.9,-29.1,-0.3,13.7,26.2,38.4,48.4,-14.6,-15.4,-16.2,-17.0,-31.0,-23.5,-15.8,-7.1,1.0,-56.3,-49.1,-40.1,-32.2,-40.7,-49.4,6.8,15.2,24.3,32.2,24.7,15.8,-44.2,-34.7,-24.7,-16.3,-6.5,6.2,19.4,6.0,-6.9,-17.5,-26.2,-35.6,-39.8,-25.0,-16.3,-6.3,14.3,-6.9,-17.0,-25.7,-19.3,-0.2,18.3,36.8,55.1,72.7,88.0,99.4,103.0,101.6,94.8,84.3,69.3,50.9,30.2,9.7,-10.5,-33.1,-42.2,-45.3,-44.5,-41.2,-40.4,-43.4,-43.2,-39.8,-31.8,-19.9,-7.6,4.5,17.0,25.3,28.0,30.5,27.8,25.3,-15.9,-20.0,-19.8,-15.4,-13.3,-13.3,-14.6,-18.9,-18.5,-14.7,-12.3,-12.4,50.5,43.8,41.5,43.2,41.7,44.3,50.7,56.7,59.0,59.7,59.1,56.9,51.0,47.6,48.5,47.6,50.9,51.4,52.3,51.5,1297.8,1296.4,1295.9,1294.8,1290.5,1282.7,1272.3,1254.5,1245.2,1246.3,1255.8,1264.6,1266.7,1265.2,1263.1,1263.4,1265.6,1264.1,1256.4,1246.8,1238.0,1230.9,1223.3,1226.1,1228.4,1231.2,1234.5,1228.0,1222.4,1216.8,1211.7,1232.8,1226.4,1220.7,1220.2,1221.1,1255.3,1250.2,1247.0,1243.7,1245.8,1249.2,1234.9,1234.4,1233.2,1233.9,1232.0,1232.8,1250.9,1233.8,1226.3,1222.6,1220.7,1225.8,1237.7,1225.0,1217.1,1217.9,1221.8,1232.7,1247.3,1227.2,1223.7,1221.9,1235.1,1220.2,1221.4,1225.5,2.416,0.061,0.218,0.03,609.66,410.668,-18.551,-9.66,-3.303,-4.235,-7.732,4.074,-11.145,9.997,-5.501,-1.828,-20.829,4.928999999999999,-6.9670000000000005,4.162,2.193,0.026000000000000002,-3.352,0.013000000000000001,-0.141,-4.957,-2.4019999999999997,2.7939999999999996,1.798,-5.808,-3.862,0.079,0.16399999999999998,1.5390000000000001,0.48100000000000004,0.983,0.48,-0.561,0.428,0.332,1.45,1.9,0.0,0.36,0.9,1.2,0.15,1.24,1.07,1.16,0.92,2.13,0.14,0.58,1.09,1.12,0.95,1.0,1.0,0.0,1.0,1.0,1.0,0.0,1.0,1.0,1.0,1.0,1.0,1.0,0.0,0.0,1.0,0.0,0.0
26,0.8340000000000001,0.98,-0.098804,0.226102,-0.9690799999999999,-0.20305499999999999,0.194122,-0.9597319999999999,-0.155,0.215,519.4,524.9,536.1,546.4,549.8,545.1,533.1,522.8,508.3,514.5,522.9,533.5,544.8,554.0,561.0,552.8,542.5,531.7,521.8,514.0,528.5,534.3,540.5,543.5,541.6,535.9,529.6,526.6,669.2,674.2,686.3,698.3,703.2,698.1,686.1,673.2,659.8,667.5,677.8,689.9,701.2,710.7,717.8,711.3,702.0,690.9,679.1,668.1,680.7,685.9,691.1,693.3,691.2,686.0,680.8,678.6,315.9,305.2,301.4,306.6,317.9,329.5,332.4,327.2,318.5,312.8,309.0,307.4,309.7,314.6,321.6,324.3,324.7,324.8,323.9,322.0,323.0,325.9,323.8,317.8,311.5,308.6,310.8,316.8,317.7,306.1,301.7,307.2,319.2,330.8,335.2,330.8,324.4,317.4,312.6,310.7,312.4,316.7,322.4,325.1,326.1,326.6,326.6,326.5,324.1,326.5,324.6,319.6,314.4,312.0,313.9,318.9,-47.6,-45.4,-41.0,-36.9,-35.5,-37.3,-42.1,-46.2,-52.1,-49.6,-46.1,-41.9,-37.4,-33.8,-31.1,-34.3,-38.3,-42.6,-46.5,-49.7,-43.9,-41.7,-39.2,-38.0,-38.8,-41.1,-43.5,-44.7,10.7,12.6,17.0,21.4,23.2,21.3,16.9,12.1,7.3,10.1,13.8,18.3,22.4,26.0,28.7,26.2,22.7,18.6,14.3,10.3,14.9,16.8,18.7,19.5,18.8,16.9,15.0,14.1,-17.4,-21.6,-23.1,-21.0,-16.6,-12.0,-10.9,-12.9,-16.4,-18.6,-20.1,-20.7,-19.8,-17.9,-15.1,-14.1,-13.9,-13.9,-14.2,-15.0,-14.6,-13.4,-14.3,-16.6,-19.1,-20.3,-19.4,-17.1,-15.5,-19.8,-21.4,-19.4,-15.0,-10.7,-9.1,-10.7,-13.1,-15.6,-17.3,-18.1,-17.4,-15.9,-13.8,-12.8,-12.4,-12.2,-12.2,-12.2,-13.1,-12.3,-13.0,-14.8,-16.8,-17.6,-16.9,-15.1,1182.9,1183.1,1182.3,1181.1,1180.1,1180.1,1180.6,1181.9,1187.9,1184.9,1182.1,1180.4,1179.9,1180.4,1181.4,1180.1,1179.3,1179.8,1181.7,1184.5,1182.5,1181.8,1181.4,1181.6,1182.1,1182.8,1183.2,1183.1,1099.0,1100.5,1101.5,1101.4,1100.2,1098.6,1097.6,1097.9,1099.3,1098.6,1098.2,1098.4,1099.7,1102.2,1104.5,1101.4,1098.4,1096.7,1096.7,1097.8,1099.6,1099.5,1100.0,1100.6,1101.2,1101.2,1100.8,1100.1,-12.2,19.3,1227.7,0.027999999999999997,0.185,0.039,466.2,466.0,469.4,474.3,484.2,503.0,527.1,559.3,601.6,646.4,689.6,728.4,759.0,778.3,789.1,797.6,804.8,476.9,494.7,518.5,544.7,570.2,641.8,675.6,705.9,734.5,757.1,606.0,603.9,601.7,599.5,565.4,583.9,602.8,624.4,644.6,506.1,522.7,544.2,563.2,542.6,521.8,657.2,677.7,700.2,719.6,701.2,679.2,534.1,556.5,580.8,601.4,625.2,656.7,688.9,656.1,623.7,597.9,576.7,554.0,544.4,580.4,601.5,625.6,676.5,623.8,599.3,578.2,311.2,355.3,398.3,441.5,484.1,526.0,563.0,593.6,604.6,602.0,585.0,558.9,523.2,479.5,430.9,382.6,335.3,273.4,250.8,241.6,242.3,249.9,251.6,244.6,246.3,255.9,276.7,307.3,337.5,367.4,398.3,419.0,425.9,432.2,425.8,419.8,318.9,308.7,309.4,320.1,325.5,325.4,322.0,311.6,312.3,322.1,327.7,327.6,479.5,464.0,458.3,462.8,459.3,465.7,481.0,496.4,502.5,504.0,502.2,496.2,480.9,474.2,476.5,474.6,481.6,483.4,485.2,483.1,-74.7,-74.7,-73.2,-71.1,-66.6,-58.2,-47.6,-33.5,-15.8,2.6,20.7,37.1,50.0,58.0,62.4,66.0,69.2,-68.3,-60.5,-50.2,-39.1,-28.5,0.7,14.5,26.8,38.6,47.9,-13.8,-14.6,-15.5,-16.3,-30.5,-22.8,-15.1,-6.3,1.9,-55.7,-48.6,-39.6,-31.6,-40.2,-48.9,7.0,15.5,24.6,32.6,25.0,16.0,-43.9,-34.1,-24.1,-15.6,-6.0,6.8,20.1,6.5,-6.6,-17.0,-25.6,-35.1,-39.5,-24.2,-15.6,-5.8,14.9,-6.5,-16.5,-25.1,-21.0,-2.0,16.5,35.0,53.1,70.6,85.6,97.1,100.9,99.9,93.6,83.4,68.5,50.1,29.7,9.5,-10.4,-36.2,-45.5,-48.9,-48.3,-44.9,-44.0,-46.9,-46.3,-42.5,-34.1,-21.5,-9.1,3.0,15.4,24.1,26.8,29.2,26.6,24.2,-17.1,-21.2,-20.9,-16.4,-14.3,-14.3,-15.6,-19.8,-19.5,-15.5,-13.2,-13.2,49.5,42.5,39.9,41.6,40.1,42.9,49.7,55.4,57.4,58.0,57.5,55.6,50.0,46.4,47.2,46.4,49.8,49.9,50.6,50.0,1290.0,1288.4,1287.8,1286.8,1283.0,1275.1,1265.0,1247.2,1237.8,1238.7,1248.4,1257.8,1260.0,1258.4,1256.5,1257.2,1259.9,1256.2,1249.5,1240.2,1231.5,1224.8,1216.9,1220.1,1222.5,1225.3,1228.1,1222.4,1216.7,1211.1,1205.9,1226.5,1220.2,1214.5,1214.0,1215.0,1248.4,1243.1,1239.9,1236.7,1239.0,1242.2,1228.6,1228.3,1227.1,1228.0,1225.8,1226.6,1243.3,1226.2,1218.8,1215.2,1213.4,1218.8,1231.4,1217.6,1208.9,1209.5,1213.2,1224.3,1239.8,1219.8,1216.4,1214.6,1228.6,1212.3,1213.3,1217.3,2.4290000000000003,0.05,0.20800000000000002,0.037000000000000005,610.5,407.11800000000005,-20.11,-10.492,-6.331,-2.6889999999999996,-8.77,2.967,-11.955,13.13,-9.982999999999999,0.75,-23.825,5.997999999999999,-7.696000000000001,3.892,2.229,-0.11800000000000001,-2.964,-1.8230000000000002,0.22399999999999998,-4.789,-1.599,3.5060000000000002,2.414,-5.78,-3.9789999999999996,-0.08900000000000001,0.517,1.432,0.47200000000000003,1.072,0.353,-0.5920000000000001,0.35600000000000004,0.257,1.99,2.72,0.0,0.59,0.73,1.13,0.0,1.06,1.13,1.13,0.95,2.01,0.28,0.58,1.15,1.2,0.9,1.0,1.0,0.0,1.0,1.0,1.0,0.0,1.0,1.0,1.0,1.0,1.0,1.0,0.0,1.0,1.0,0.0,0.0
27,0.868,0.98,-0.07347999999999999,0.188401,-0.979339,-0.20161500000000002,0.195338,-0.9597889999999999,-0.141,0.195,521.5,527.2,538.8,549.5,553.1,548.3,535.8,525.1,510.0,516.5,525.1,535.6,546.9,556.2,563.2,555.1,544.7,533.7,523.6,515.7,530.8,536.9,543.4,546.6,544.6,538.5,532.0,528.8,671.3,676.5,688.6,700.6,705.5,700.3,688.2,675.3,662.5,670.2,680.5,692.5,703.5,712.9,720.1,713.6,704.3,693.2,681.5,670.6,683.0,688.1,693.2,695.4,693.4,688.3,683.1,680.9,312.8,302.0,297.9,303.0,314.2,326.0,329.1,324.1,316.1,310.4,306.5,305.1,307.3,312.3,319.3,322.1,322.6,322.6,321.7,319.8,320.1,323.0,320.7,314.6,308.2,305.4,307.7,313.8,315.9,304.4,300.2,305.6,317.5,329.0,333.2,328.8,321.9,315.0,310.4,308.7,310.5,314.9,320.6,323.4,324.3,324.7,324.6,324.4,322.3,324.6,322.8,318.0,312.9,310.6,312.4,317.2,-45.7,-43.6,-39.1,-34.9,-33.5,-35.3,-40.1,-44.3,-50.4,-47.8,-44.3,-40.2,-35.9,-32.3,-29.6,-32.7,-36.7,-40.9,-44.9,-48.0,-42.1,-39.8,-37.2,-36.0,-36.8,-39.2,-41.7,-42.9,11.5,13.5,18.0,22.4,24.1,22.2,17.7,13.0,8.3,11.1,14.9,19.3,23.4,26.9,29.7,27.2,23.7,19.6,15.3,11.3,15.8,17.7,19.6,20.4,19.7,17.8,15.9,15.1,-18.2,-22.4,-24.0,-22.0,-17.6,-13.1,-11.9,-13.9,-17.0,-19.2,-20.7,-21.2,-20.3,-18.4,-15.7,-14.6,-14.4,-14.4,-14.8,-15.5,-15.4,-14.3,-15.2,-17.5,-20.0,-21.1,-20.2,-17.8,-16.3,-20.5,-22.1,-20.1,-15.7,-11.4,-9.9,-11.5,-14.0,-16.6,-18.2,-18.9,-18.2,-16.7,-14.6,-13.5,-13.1,-13.0,-13.0,-13.1,-13.9,-13.0,-13.7,-15.5,-17.4,-18.2,-17.6,-15.8,1157.9,1158.7,1158.2,1156.9,1155.4,1154.9,1155.1,1156.5,1162.7,1160.1,1157.5,1156.0,1155.6,1155.8,1156.6,1155.2,1154.4,1154.7,1156.6,1159.4,1157.4,1156.6,1156.4,1156.8,1157.6,1158.4,1158.6,1158.2,1105.0,1106.8,1107.8,1107.4,1106.0,1104.2,1103.2,1103.7,1105.1,1104.6,1104.3,1104.5,1105.7,1108.0,1110.1,1107.0,1104.0,1102.4,1102.4,1103.6,1105.5,1105.4,1105.8,1106.5,1107.1,1107.3,1106.9,1106.1,-11.3,18.2,1223.8,0.009000000000000001,0.172,0.045,468.1,467.0,469.7,474.4,483.9,502.7,527.0,560.3,603.1,647.5,689.9,728.5,759.4,779.1,790.2,798.7,805.6,480.3,498.3,521.9,548.0,573.2,645.6,679.2,709.0,736.7,758.6,608.7,606.6,604.6,602.5,567.8,586.6,605.6,627.1,647.3,508.1,524.6,546.2,565.5,544.8,523.8,659.5,680.1,702.7,721.9,703.6,681.6,535.6,559.1,583.8,604.3,627.7,659.2,691.5,659.0,626.9,601.5,580.4,556.9,546.2,583.5,604.5,628.2,679.1,626.6,602.6,581.6,310.6,353.7,396.2,439.4,482.0,524.3,561.9,593.2,604.4,602.0,584.9,559.1,523.8,480.2,431.3,382.8,335.7,267.2,244.8,235.3,235.6,243.2,245.2,238.5,240.9,251.2,272.1,303.8,333.8,363.6,394.5,417.1,423.7,429.8,423.4,417.7,316.5,306.2,306.9,317.4,323.1,323.2,319.5,309.6,310.6,320.4,325.9,325.7,477.7,462.1,456.1,460.5,456.9,463.5,479.1,494.3,500.0,501.4,499.8,494.3,479.3,473.4,475.5,473.5,479.6,479.7,481.4,479.4,-73.6,-74.0,-72.8,-70.8,-66.5,-58.1,-47.5,-33.0,-15.2,3.1,20.7,37.0,50.0,58.2,62.8,66.3,69.3,-66.6,-58.8,-48.7,-37.7,-27.2,2.3,15.9,28.1,39.4,48.5,-12.7,-13.5,-14.3,-15.0,-29.4,-21.6,-13.9,-5.2,2.9,-54.7,-47.7,-38.6,-30.6,-39.2,-48.0,8.0,16.4,25.6,33.5,25.9,17.0,-43.1,-32.9,-22.7,-14.4,-5.0,7.8,21.1,7.7,-5.3,-15.4,-24.0,-33.8,-38.6,-22.9,-14.3,-4.8,16.0,-5.4,-15.1,-23.6,-21.1,-2.7,15.5,33.9,52.0,69.5,84.8,96.6,100.5,99.6,93.3,83.2,68.6,50.3,29.8,9.5,-10.2,-38.7,-47.8,-51.4,-51.0,-47.6,-46.5,-49.3,-48.5,-44.3,-35.9,-22.9,-10.6,1.5,13.8,23.3,25.9,28.2,25.6,23.3,-18.0,-22.2,-21.9,-17.5,-15.2,-15.2,-16.5,-20.6,-20.2,-16.2,-13.9,-14.0,48.6,41.6,38.9,40.6,39.1,41.9,48.7,54.3,56.2,56.8,56.3,54.6,49.1,46.0,46.7,45.8,48.8,48.2,48.9,48.3,1284.2,1283.0,1282.8,1282.2,1278.2,1269.7,1259.6,1242.3,1233.5,1234.9,1244.3,1253.9,1256.2,1254.8,1253.2,1253.9,1256.4,1252.2,1246.2,1237.3,1229.1,1223.1,1215.0,1218.3,1220.9,1223.3,1225.5,1220.4,1214.3,1208.3,1202.8,1222.8,1216.8,1211.4,1211.1,1212.3,1245.0,1239.9,1236.7,1233.6,1235.8,1239.0,1226.0,1225.9,1224.8,1225.7,1223.4,1224.2,1238.2,1221.2,1214.2,1210.9,1209.2,1214.5,1227.5,1213.6,1204.7,1204.9,1208.3,1219.1,1234.8,1215.4,1212.3,1210.6,1224.5,1208.1,1208.8,1212.5,2.436,0.032,0.19399999999999998,0.044000000000000004,612.701,404.70099999999996,-23.043000000000003,-11.363,-9.107999999999999,-0.7390000000000001,-10.377,2.157,-12.338,15.421,-12.479000000000001,1.002,-24.918000000000003,5.922000000000001,-8.064,2.481,2.396,-0.997,-5.039,-2.638,1.587,-5.037,-1.66,2.888,2.3080000000000003,-5.11,-4.801,-0.21,0.1,1.101,0.242,0.9259999999999999,0.255,-0.627,0.284,0.304,2.41,3.37,0.0,0.81,0.76,1.13,0.0,1.09,1.39,1.24,0.86,1.45,0.19,0.49,1.38,1.07,0.87,1.0,1.0,0.0,1.0,1.0,1.0,0.0,1.0,1.0,1.0,1.0,1.0,0.0,0.0,1.0,1.0,0.0,0.0
28,0.9009999999999999,0.98,-0.019209,0.183329,-0.982864,-0.187581,0.205154,-0.960586,-0.106,0.19699999999999998,524.8,530.7,542.8,554.0,557.8,552.8,539.8,528.6,512.1,519.3,528.6,539.3,550.6,559.9,566.7,558.8,548.4,537.2,526.7,518.2,534.4,540.6,547.4,550.7,548.6,542.3,535.6,532.3,674.2,679.3,691.7,704.1,709.2,704.1,691.7,678.4,665.7,673.6,684.2,696.3,707.0,716.3,723.3,717.0,707.9,697.0,685.2,674.2,686.1,691.4,696.7,698.9,696.7,691.4,686.1,684.0,311.3,300.9,297.0,302.0,312.9,324.4,327.2,322.2,315.7,309.9,305.7,304.3,306.6,311.7,319.1,321.8,322.1,321.9,321.0,319.3,318.8,321.5,319.4,313.6,307.5,304.7,306.8,312.7,315.9,304.4,300.1,305.7,317.8,329.4,333.6,329.1,322.3,315.0,310.4,308.9,310.8,315.4,321.2,323.9,324.7,325.0,324.9,324.6,322.6,325.0,323.2,318.3,313.1,310.8,312.5,317.5,-43.5,-41.4,-36.8,-32.5,-31.0,-32.9,-37.7,-42.0,-48.5,-45.7,-42.1,-38.0,-33.7,-30.2,-27.7,-30.6,-34.5,-38.7,-42.7,-46.0,-39.9,-37.5,-34.9,-33.7,-34.5,-36.9,-39.5,-40.7,12.4,14.3,18.8,23.3,25.1,23.2,18.7,13.9,9.3,12.2,16.0,20.4,24.3,27.7,30.3,27.9,24.6,20.6,16.3,12.4,16.7,18.6,20.5,21.4,20.6,18.7,16.7,15.9,-18.4,-22.4,-23.8,-21.9,-17.8,-13.4,-12.4,-14.3,-16.8,-19.0,-20.5,-21.0,-20.1,-18.2,-15.5,-14.4,-14.3,-14.3,-14.7,-15.4,-15.6,-14.5,-15.3,-17.5,-19.9,-20.9,-20.1,-17.9,-16.0,-20.2,-21.7,-19.7,-15.3,-11.1,-9.5,-11.2,-13.7,-16.3,-18.0,-18.5,-17.8,-16.2,-14.1,-13.1,-12.8,-12.6,-12.7,-12.8,-13.5,-12.7,-13.3,-15.1,-17.0,-17.9,-17.2,-15.4,1133.0,1134.6,1134.8,1133.6,1131.6,1130.0,1129.7,1130.9,1136.8,1135.1,1133.1,1132.1,1131.9,1132.0,1132.4,1130.6,1129.4,1129.3,1130.9,1133.7,1132.3,1131.6,1131.7,1132.6,1133.8,1134.5,1134.4,1133.4,1086.5,1088.5,1089.7,1089.5,1087.9,1085.9,1084.7,1085.0,1086.1,1085.8,1085.8,1086.2,1087.5,1089.9,1091.9,1088.8,1085.7,1083.9,1083.8,1084.8,1087.0,1086.9,1087.4,1088.3,1089.0,1089.1,1088.5,1087.7,-9.3,18.7,1207.9,0.048,0.14,0.035,464.7,464.2,467.5,473.9,486.2,507.2,532.7,566.7,610.7,655.9,697.5,734.8,763.8,781.9,792.0,799.4,805.1,481.9,499.7,524.6,552.7,578.8,649.5,683.0,714.3,742.4,761.7,614.1,612.0,610.1,608.3,572.5,591.7,611.0,632.3,652.1,510.6,527.8,549.5,569.0,548.4,527.0,662.9,683.7,706.4,725.5,707.2,685.0,541.1,564.9,590.9,610.6,632.7,664.9,696.1,665.4,633.5,609.4,588.7,563.2,551.7,591.1,611.0,633.5,684.3,633.1,610.2,589.8,310.5,355.2,399.2,443.6,486.2,527.7,564.6,596.5,608.4,604.8,585.0,557.0,520.6,477.4,430.0,382.6,336.5,265.7,241.4,230.7,231.8,242.1,244.3,236.0,238.7,251.2,274.6,303.9,334.5,364.4,395.4,416.8,424.0,430.7,424.4,418.4,315.5,305.2,306.2,317.3,322.5,322.2,319.9,309.8,311.0,321.2,326.4,326.0,477.7,462.3,456.8,461.2,457.6,464.1,479.1,504.2,514.1,515.9,513.8,503.6,479.2,473.4,475.3,473.3,480.3,493.3,495.3,492.9,-74.0,-74.2,-72.8,-70.0,-64.7,-55.5,-44.5,-30.0,-11.9,6.5,23.6,39.2,51.3,58.7,62.7,65.9,68.4,-64.9,-57.3,-46.8,-35.2,-24.5,3.8,17.2,29.8,41.2,49.1,-10.4,-11.2,-11.9,-12.5,-27.1,-19.3,-11.5,-3.1,4.8,-52.9,-45.6,-36.7,-28.7,-37.1,-45.9,9.2,17.6,26.7,34.5,27.0,18.1,-40.3,-30.2,-19.6,-11.7,-2.9,9.9,22.7,10.2,-2.6,-12.2,-20.4,-30.9,-35.9,-19.5,-11.6,-2.6,17.9,-2.8,-11.9,-20.1,-20.9,-2.0,16.5,35.3,53.0,70.1,84.8,96.8,101.1,99.8,92.4,81.5,66.5,48.6,28.9,9.4,-9.7,-38.7,-48.5,-52.4,-51.7,-47.3,-46.2,-49.6,-48.7,-43.8,-34.5,-22.5,-10.2,1.7,14.0,22.8,25.6,28.1,25.6,23.3,-18.2,-22.3,-21.8,-17.3,-15.2,-15.4,-16.2,-20.2,-19.7,-15.7,-13.5,-13.7,47.9,41.1,38.6,40.3,38.8,41.6,48.2,57.7,61.3,62.0,61.3,57.7,48.5,45.3,46.0,45.2,48.6,53.1,53.9,53.1,1265.8,1265.5,1265.6,1265.3,1261.4,1253.4,1243.3,1227.9,1221.1,1223.2,1232.6,1241.2,1242.5,1240.6,1238.8,1240.0,1242.6,1231.6,1225.9,1217.1,1208.8,1203.1,1196.7,1200.7,1204.4,1207.9,1211.3,1202.2,1196.1,1190.1,1184.4,1203.7,1198.7,1194.1,1194.2,1195.8,1225.1,1220.2,1217.4,1215.1,1217.0,1219.6,1209.0,1209.2,1208.6,1210.3,1207.5,1207.8,1222.3,1205.3,1197.3,1194.7,1193.7,1200.1,1214.5,1201.5,1193.0,1192.7,1195.3,1205.1,1219.7,1199.1,1196.5,1195.6,1211.9,1195.9,1195.9,1198.8,2.469,0.071,0.159,0.033,617.1469999999999,406.344,-26.991,-4.413,-1.095,3.71,-5.928,-3.4419999999999997,-6.91,15.841,-12.007,3.832,-23.191,2.4019999999999997,-5.814,-0.52,1.847,-1.818,-4.032,-4.053,0.47700000000000004,-2.613,-0.518,3.7319999999999998,2.867,-3.6519999999999997,-3.597,0.9129999999999999,0.159,0.004,0.22899999999999998,0.542,0.08199999999999999,-0.418,0.099,-0.12300000000000001,2.55,3.59,0.0,1.15,0.83,1.26,0.0,1.27,1.63,1.17,0.64,0.72,0.14,0.34,1.87,0.79,0.87,1.0,1.0,0.0,1.0,1.0,1.0,0.0,1.0,1.0,1.0,1.0,1.0,1.0,0.0,1.0,1.0,0.0,0.0
29,0.934,0.98,-0.028964999999999998,0.200191,-0.9793290000000001,-0.189163,0.20669200000000001,-0.959946,-0.11199999999999999,0.207,527.0,532.6,544.4,555.4,559.2,554.4,541.8,530.8,514.5,521.9,531.2,541.9,553.0,562.0,568.6,560.6,550.2,539.3,529.0,520.6,536.2,542.5,549.3,552.6,550.5,544.2,537.4,534.1,677.3,682.4,694.7,707.0,712.1,706.9,694.6,681.4,668.9,677.0,687.6,699.6,710.4,719.6,726.6,720.2,711.0,700.0,688.3,677.3,689.2,694.4,699.6,701.7,699.6,694.5,689.3,687.1,314.7,304.3,300.4,305.1,315.7,327.1,330.0,325.3,318.2,312.1,307.8,306.6,309.2,314.5,321.8,324.6,324.9,324.6,323.6,321.8,322.0,324.8,322.5,316.6,310.4,307.6,309.9,315.8,319.3,307.8,303.6,309.1,321.1,332.6,336.8,332.4,325.4,318.2,313.6,312.2,314.2,318.9,324.8,327.4,328.1,328.3,328.1,327.8,325.9,328.2,326.4,321.6,316.5,314.2,315.9,320.8,-43.2,-41.1,-36.6,-32.3,-30.8,-32.6,-37.4,-41.7,-48.2,-45.2,-41.6,-37.5,-33.2,-29.8,-27.3,-30.3,-34.2,-38.4,-42.4,-45.7,-39.7,-37.2,-34.6,-33.4,-34.2,-36.7,-39.3,-40.5,13.6,15.5,20.0,24.4,26.2,24.3,19.8,15.0,10.5,13.4,17.3,21.7,25.6,29.0,31.6,29.2,25.8,21.8,17.5,13.5,17.9,19.8,21.7,22.5,21.7,19.8,17.9,17.1,-17.3,-21.3,-22.8,-21.0,-16.9,-12.5,-11.4,-13.2,-16.0,-18.3,-19.9,-20.4,-19.4,-17.4,-14.6,-13.5,-13.4,-13.5,-13.9,-14.6,-14.5,-13.4,-14.3,-16.6,-19.0,-20.1,-19.2,-16.9,-14.8,-19.0,-20.6,-18.6,-14.2,-10.0,-8.4,-10.0,-12.6,-15.2,-16.9,-17.4,-16.7,-15.0,-12.9,-11.9,-11.6,-11.5,-11.6,-11.7,-12.4,-11.6,-12.2,-14.0,-15.9,-16.7,-16.0,-14.3,1146.8,1148.4,1148.6,1147.3,1145.3,1143.9,1143.6,1144.8,1151.1,1149.1,1147.0,1145.9,1145.7,1145.8,1146.3,1144.5,1143.3,1143.3,1144.9,1147.7,1146.1,1145.4,1145.5,1146.4,1147.6,1148.3,1148.2,1147.3,1090.9,1092.9,1094.0,1093.7,1092.2,1090.2,1089.1,1089.5,1090.7,1090.3,1090.3,1090.6,1091.9,1094.2,1096.3,1093.2,1090.1,1088.2,1088.2,1089.2,1091.4,1091.3,1091.8,1092.6,1093.3,1093.4,1092.9,1092.1,-7.6,20.5,1193.6,0.061,0.14800000000000002,0.011000000000000001,464.8,465.2,469.0,476.7,491.5,515.5,543.4,578.1,623.1,669.1,709.1,743.9,769.2,785.0,794.3,801.3,806.1,483.4,501.5,526.7,555.4,582.3,652.9,686.8,718.9,746.9,764.1,618.9,616.3,614.2,612.4,574.8,594.7,614.8,636.6,656.7,512.8,530.3,551.9,571.1,550.6,529.2,666.1,687.5,709.9,728.6,710.2,688.1,541.6,564.9,592.4,613.8,638.0,671.6,702.4,673.0,640.0,613.6,590.8,563.3,552.0,593.2,614.8,639.4,690.8,640.1,614.8,592.6,320.5,366.8,412.4,458.6,501.8,543.3,580.0,609.7,618.4,610.0,583.4,551.0,512.9,470.9,426.7,383.4,341.4,268.8,243.8,231.5,232.1,243.6,246.1,238.2,241.3,255.2,279.4,306.9,337.8,367.9,398.9,421.3,428.2,435.2,428.8,422.3,318.1,307.6,308.8,320.5,324.8,324.4,323.3,313.1,314.4,324.9,329.5,329.0,482.7,466.2,460.5,465.2,461.2,467.3,482.9,513.1,526.5,529.2,526.9,514.1,484.2,477.4,479.5,477.1,484.5,504.6,507.6,505.2,-73.1,-73.0,-71.5,-68.2,-61.8,-51.4,-39.6,-25.0,-6.8,11.7,28.1,42.4,52.7,59.0,62.7,65.7,67.9,-63.4,-55.8,-45.3,-33.6,-22.8,5.1,18.5,31.3,42.6,49.6,-8.4,-9.3,-10.1,-10.7,-25.8,-17.9,-9.9,-1.3,6.6,-51.2,-44.0,-35.3,-27.5,-35.8,-44.4,10.4,18.9,27.8,35.3,27.9,19.1,-39.6,-29.8,-18.8,-10.3,-0.8,12.5,25.0,13.1,-0.0,-10.4,-19.4,-30.5,-35.4,-18.5,-9.9,-0.2,20.3,0.0,-9.9,-18.7,-16.5,2.8,21.9,41.2,59.0,75.7,90.1,101.0,104.0,100.8,90.7,77.9,62.3,45.1,27.1,9.5,-7.6,-36.9,-46.9,-51.4,-50.8,-46.1,-44.9,-48.2,-47.1,-41.7,-32.2,-21.0,-8.7,3.1,15.2,24.3,26.9,29.5,27.0,24.5,-16.9,-21.0,-20.5,-15.8,-14.1,-14.3,-14.6,-18.6,-18.1,-14.0,-12.1,-12.3,49.4,42.1,39.6,41.3,39.8,42.4,49.2,60.7,65.5,66.6,65.8,61.2,49.9,46.3,47.1,46.1,49.7,57.0,58.2,57.4,1252.3,1253.1,1253.9,1253.4,1248.1,1239.2,1228.4,1213.4,1207.3,1209.5,1217.3,1223.5,1223.2,1221.1,1219.4,1222.2,1226.3,1215.0,1209.2,1200.4,1192.0,1186.8,1181.5,1185.8,1190.1,1194.2,1197.9,1186.2,1179.9,1173.6,1167.8,1187.8,1182.8,1178.3,1178.4,1180.1,1207.9,1203.2,1200.6,1198.6,1200.3,1202.6,1193.7,1193.9,1193.3,1195.4,1192.3,1192.4,1208.3,1190.9,1182.0,1179.3,1178.6,1185.3,1200.5,1189.4,1181.3,1180.5,1183.1,1192.3,1206.3,1184.2,1181.6,1181.1,1198.4,1183.6,1183.2,1186.0,2.5,0.085,0.16899999999999998,0.009000000000000001,621.227,411.35900000000004,-33.729,10.437000000000001,6.643,4.211,-1.495,-7.814,-6.1579999999999995,11.709000000000001,-13.074000000000002,8.471,-18.789,1.474,-3.551,-0.152,2.501,-2.154,-5.647,-3.3489999999999998,2.2119999999999997,-3.455,-1.265,3.424,1.469,-4.382,-3.448,1.125,0.048,-0.075,0.026000000000000002,0.495,-0.055,-0.335,-0.032,-0.207,2.51,3.57,0.0,1.02,0.95,1.19,0.0,1.53,1.88,1.18,0.43,0.11,0.0,0.11,2.45,0.63,0.92,1.0,1.0,0.0,1.0,1.0,1.0,0.0,1.0,1.0,1.0,1.0,0.0,1.0,0.0,1.0,1.0,0.0,0.0
30,0.968,0.98,-0.041666,0.211076,-0.9765809999999999,-0.194668,0.212959,-0.957472,-0.122,0.21600000000000003,528.6,534.5,546.3,557.2,560.8,555.7,543.1,532.2,516.0,523.7,533.1,543.9,554.9,564.0,570.9,562.9,552.5,541.5,531.0,522.4,537.8,544.0,550.7,554.1,552.1,545.8,539.1,535.7,679.7,685.0,697.4,709.8,714.7,709.4,697.0,683.7,671.5,679.8,690.6,702.6,713.2,722.4,729.3,722.8,713.5,702.4,690.8,679.8,691.6,696.8,702.1,704.4,702.3,697.1,691.7,689.5,319.0,308.9,305.2,310.1,320.7,331.9,334.5,329.6,322.8,316.6,312.3,311.0,313.6,318.9,326.2,328.9,328.9,328.6,327.7,326.1,326.5,329.3,327.2,321.4,315.3,312.4,314.5,320.4,324.1,312.5,308.3,313.9,326.2,337.8,342.1,337.4,329.9,322.7,318.2,317.0,319.1,323.9,329.8,332.4,333.0,333.1,332.8,332.3,330.9,333.3,331.5,326.5,321.3,318.9,320.7,325.7,-42.6,-40.4,-35.9,-31.7,-30.3,-32.2,-37.0,-41.2,-47.6,-44.6,-40.9,-36.7,-32.5,-29.0,-26.4,-29.4,-33.4,-37.5,-41.6,-45.0,-39.1,-36.7,-34.1,-32.9,-33.7,-36.1,-38.6,-39.9,14.4,16.3,20.9,25.4,27.1,25.2,20.6,15.8,11.4,14.4,18.3,22.7,26.6,30.0,32.5,30.1,26.6,22.6,18.4,14.4,18.7,20.6,22.5,23.4,22.6,20.7,18.8,18.0,-15.7,-19.6,-21.0,-19.1,-15.0,-10.7,-9.7,-11.6,-14.3,-16.6,-18.2,-18.7,-17.7,-15.7,-12.9,-11.9,-11.9,-12.0,-12.3,-13.0,-12.8,-11.7,-12.5,-14.8,-17.1,-18.2,-17.4,-15.2,-13.0,-17.3,-18.8,-16.7,-12.3,-8.0,-6.5,-8.2,-10.9,-13.5,-15.1,-15.6,-14.8,-13.1,-11.0,-10.0,-9.8,-9.7,-9.8,-10.0,-10.6,-9.7,-10.3,-12.1,-14.1,-14.9,-14.3,-12.5,1147.5,1149.1,1149.3,1148.0,1146.0,1144.5,1144.2,1145.4,1151.7,1149.7,1147.8,1146.7,1146.5,1146.7,1147.2,1145.2,1143.9,1143.8,1145.4,1148.2,1146.8,1146.0,1146.2,1147.1,1148.2,1149.0,1148.9,1147.9,1087.6,1089.5,1090.6,1090.4,1088.9,1087.0,1085.9,1086.3,1087.4,1087.0,1086.9,1087.3,1088.5,1090.9,1093.0,1089.9,1086.8,1085.0,1085.0,1086.0,1088.2,1088.0,1088.5,1089.3,1090.0,1090.1,1089.6,1088.8,-6.5,22.7,1180.7,0.064,0.157,0.003,464.8,465.8,470.3,479.0,495.3,520.9,549.3,583.6,628.5,674.7,714.7,748.7,772.5,787.3,796.2,803.2,807.9,484.2,502.6,528.3,557.7,585.2,655.4,689.0,721.2,749.6,766.1,622.3,619.4,617.1,615.2,577.1,597.1,617.4,639.4,659.6,514.5,532.4,554.1,573.1,552.6,531.1,668.7,690.3,712.7,731.3,712.8,690.7,542.6,565.5,593.9,615.9,640.8,675.2,706.2,676.8,642.9,615.8,592.1,563.7,553.0,595.0,617.1,642.4,694.5,643.5,617.4,594.6,324.7,373.2,421.2,469.6,514.6,556.8,593.7,622.4,629.9,619.7,590.0,555.1,515.7,473.6,430.2,387.9,347.0,273.9,247.8,234.6,235.4,248.0,250.7,242.4,245.4,259.2,283.6,311.1,341.9,371.9,403.0,426.5,433.2,440.3,433.9,427.3,322.4,312.0,313.3,325.0,329.0,328.4,328.0,318.0,319.2,329.8,334.2,333.6,489.3,471.5,465.4,470.3,466.2,472.7,489.6,522.9,537.8,540.9,538.5,524.1,490.8,483.0,485.2,482.7,491.4,514.8,518.3,515.9,-72.4,-72.1,-70.3,-66.6,-59.6,-48.6,-36.7,-22.6,-4.6,13.8,30.0,43.8,53.3,59.1,62.6,65.6,67.8,-62.4,-54.8,-44.2,-32.3,-21.4,6.0,19.2,31.9,43.1,49.8,-6.9,-8.0,-8.8,-9.5,-24.6,-16.7,-8.8,-0.2,7.6,-49.9,-42.6,-34.0,-26.4,-34.6,-43.1,11.3,19.8,28.6,36.0,28.6,19.9,-38.8,-29.2,-17.9,-9.4,0.3,13.7,26.2,14.4,1.1,-9.4,-18.7,-30.0,-34.6,-17.6,-8.9,0.9,21.5,1.4,-8.8,-17.8,-14.6,5.5,25.3,45.4,63.7,80.4,94.6,105.0,107.5,103.6,92.3,78.6,62.6,45.6,28.1,11.2,-5.3,-34.5,-44.7,-49.6,-48.9,-43.8,-42.6,-46.0,-45.0,-39.7,-30.1,-19.1,-7.0,4.6,16.5,26.0,28.5,31.2,28.7,26.2,-15.0,-19.0,-18.5,-13.8,-12.2,-12.5,-12.6,-16.5,-16.0,-11.9,-10.1,-10.4,51.5,43.8,41.0,42.8,41.3,44.0,51.3,63.9,69.3,70.5,69.7,64.5,52.0,48.0,48.7,47.8,51.9,60.4,61.8,61.0,1240.3,1241.5,1242.5,1241.6,1235.3,1225.7,1214.7,1200.4,1194.7,1196.6,1203.5,1208.6,1207.1,1204.6,1202.9,1206.3,1211.1,1200.7,1195.2,1186.4,1178.2,1173.4,1168.7,1172.8,1177.0,1181.0,1184.6,1172.5,1166.1,1159.9,1154.1,1174.2,1169.1,1164.7,1164.8,1166.4,1193.3,1188.7,1186.3,1184.3,1185.9,1188.1,1180.2,1180.2,1179.6,1181.7,1178.6,1178.7,1195.5,1178.0,1168.5,1165.9,1165.4,1172.0,1187.4,1177.1,1169.4,1168.5,1171.0,1180.1,1193.7,1171.0,1168.4,1168.1,1185.6,1171.4,1170.9,1173.6,2.528,0.09,0.18,0.001,623.816,417.64099999999996,-39.335,18.208,10.302999999999999,4.739,-0.7140000000000001,-9.88,-4.147,9.717,-13.212,8.582,-17.825,1.824,-3.0180000000000002,0.498,1.671,-2.511,-5.949,-2.826,2.421,-3.655,-1.2670000000000001,2.336,1.6440000000000001,-4.447,-2.7739999999999996,1.197,0.313,-0.033,-0.011000000000000001,0.315,0.086,-0.20199999999999999,-0.132,-0.196,2.6,3.68,0.0,1.12,0.98,1.32,0.0,1.45,1.96,1.11,0.33,0.0,0.33,0.0,2.92,0.81,0.85,1.0,1.0,0.0,1.0,1.0,1.0,0.0,1.0,1.0,1.0,1.0,0.0,0.0,0.0,1.0,1.0,0.0,0.0
31,1.001,0.98,-0.036818000000000004,0.184872,-0.982073,-0.20211600000000002,0.20969699999999997,-0.956649,-0.12300000000000001,0.201,530.2,536.2,548.6,560.1,564.1,558.9,545.7,534.1,517.3,525.0,534.5,545.5,556.9,566.1,572.8,564.5,554.0,542.8,532.3,523.7,539.7,546.4,553.7,557.2,555.0,548.2,540.9,537.4,681.3,686.3,698.5,710.8,715.9,710.8,698.6,685.4,671.9,680.3,691.1,703.3,714.4,723.9,731.1,724.6,715.1,703.7,691.8,680.4,693.2,698.3,703.4,705.5,703.4,698.3,693.2,691.1,323.6,313.5,309.6,314.3,324.9,336.2,338.9,334.2,328.1,321.8,317.3,316.0,318.4,323.7,331.3,333.8,333.9,333.6,332.7,331.3,331.3,334.1,331.9,325.9,319.7,316.9,319.2,325.1,329.8,318.3,314.0,319.5,331.5,343.1,347.3,342.9,335.8,328.9,324.1,322.3,324.4,329.3,335.4,337.9,338.5,338.6,338.4,338.3,336.3,338.6,336.8,332.0,327.0,324.7,326.5,331.3,-40.5,-38.4,-33.8,-29.5,-28.0,-29.8,-34.7,-39.0,-45.4,-42.5,-38.9,-34.9,-30.7,-27.3,-24.8,-27.8,-31.6,-35.7,-39.7,-42.9,-37.0,-34.5,-31.8,-30.5,-31.4,-33.9,-36.6,-37.9,14.8,16.6,21.0,25.4,27.2,25.4,21.0,16.3,11.4,14.4,18.3,22.7,26.7,30.2,32.8,30.4,26.9,22.8,18.5,14.5,19.1,20.9,22.7,23.5,22.8,20.9,19.1,18.3,-13.4,-17.2,-18.6,-16.9,-13.0,-8.8,-7.8,-9.5,-11.8,-14.1,-15.8,-16.2,-15.3,-13.4,-10.6,-9.6,-9.6,-9.7,-10.1,-10.6,-10.6,-9.5,-10.4,-12.6,-14.9,-15.9,-15.1,-12.9,-10.8,-15.0,-16.5,-14.6,-10.2,-6.1,-4.5,-6.1,-8.7,-11.1,-12.9,-13.5,-12.8,-11.0,-8.9,-7.9,-7.7,-7.6,-7.7,-7.8,-8.5,-7.7,-8.3,-10.1,-11.9,-12.7,-12.0,-10.3,1107.1,1109.2,1109.6,1108.2,1105.8,1103.8,1103.3,1104.7,1110.7,1109.1,1107.4,1106.5,1106.2,1106.1,1106.2,1104.3,1103.0,1102.9,1104.5,1107.3,1106.2,1105.3,1105.6,1106.8,1108.2,1109.1,1108.8,1107.6,1075.0,1076.8,1078.0,1077.8,1076.3,1074.4,1073.3,1073.6,1075.0,1074.5,1074.3,1074.7,1076.1,1078.6,1081.0,1077.5,1074.4,1072.6,1072.5,1073.5,1075.5,1075.4,1075.9,1076.7,1077.3,1077.4,1076.9,1076.1,-6.9,25.1,1186.1,0.066,0.171,0.031,472.6,471.3,474.0,480.0,491.7,513.3,539.9,574.5,619.0,664.5,704.9,740.5,767.5,785.4,796.3,805.0,811.1,489.2,508.6,532.7,560.0,586.0,657.7,691.3,721.9,749.4,768.2,621.6,618.8,616.6,614.4,577.4,596.7,616.2,638.2,658.5,516.2,533.8,555.7,575.0,554.1,532.7,669.6,691.1,713.8,732.6,714.2,692.0,540.0,562.8,591.8,613.9,638.9,674.3,706.2,675.2,639.6,612.1,588.3,559.8,550.8,592.1,614.5,639.8,694.7,639.8,613.6,590.5,322.4,369.6,416.5,463.7,509.7,554.4,594.4,627.3,638.2,631.3,605.4,571.9,532.4,488.1,441.4,395.3,350.7,274.2,251.3,240.9,241.5,251.9,255.1,247.5,250.4,262.3,283.6,316.1,346.3,376.0,406.8,431.0,438.0,445.2,439.0,433.0,327.5,316.9,318.4,330.2,334.5,333.7,333.9,323.3,324.4,335.2,340.1,339.5,495.5,476.9,470.6,475.9,472.7,480.3,498.8,533.2,547.6,549.8,547.1,531.8,497.5,488.7,491.2,489.8,500.6,524.4,526.9,523.9,-69.2,-69.7,-68.7,-66.2,-61.2,-52.0,-40.8,-26.4,-8.4,9.8,26.1,40.6,51.4,58.5,62.8,66.5,69.2,-60.6,-52.6,-42.6,-31.6,-21.2,6.9,20.1,32.2,43.2,50.7,-7.2,-8.3,-9.1,-9.9,-24.6,-17.0,-9.3,-0.7,7.2,-49.5,-42.3,-33.5,-25.8,-34.1,-42.7,11.7,20.2,29.1,36.6,29.3,20.5,-40.1,-30.5,-18.9,-10.2,-0.4,13.4,26.3,13.8,-0.2,-10.9,-20.3,-31.7,-35.7,-18.8,-10.0,-0.1,21.7,-0.1,-10.3,-19.5,-15.5,4.0,23.4,42.9,61.8,79.7,95.5,107.6,111.3,108.6,98.7,85.6,69.6,51.6,32.7,14.2,-3.8,-34.5,-43.5,-47.3,-46.8,-42.5,-41.0,-44.1,-43.1,-38.6,-30.2,-17.2,-5.3,6.2,18.1,28.0,30.6,33.2,30.8,28.5,-13.0,-17.2,-16.5,-11.8,-10.1,-10.5,-10.3,-14.5,-14.0,-9.8,-7.9,-8.1,54.3,46.1,43.3,45.3,44.0,47.2,55.1,68.2,73.4,74.3,73.4,68.0,55.0,50.5,51.4,50.7,55.8,64.5,65.5,64.5,1239.5,1240.0,1241.2,1241.5,1237.6,1230.6,1222.7,1208.1,1200.5,1200.8,1206.7,1212.0,1210.6,1208.0,1206.0,1208.9,1212.9,1205.7,1200.8,1192.2,1184.0,1179.2,1173.4,1177.0,1180.3,1183.6,1186.2,1177.7,1171.9,1166.4,1161.1,1181.3,1175.9,1170.9,1170.6,1171.9,1200.1,1195.2,1192.5,1189.8,1192.0,1194.6,1184.3,1184.2,1183.2,1184.5,1181.9,1182.5,1202.6,1184.4,1174.8,1171.6,1170.4,1176.4,1191.0,1181.3,1174.1,1174.1,1177.1,1187.0,1200.3,1177.0,1173.9,1172.8,1189.6,1176.2,1176.6,1179.8,2.5180000000000002,0.094,0.19399999999999998,0.03,622.857,423.29,-50.997,3.7939999999999996,9.567,8.136000000000001,-5.3660000000000005,-12.231,-6.784,11.376,-11.949000000000002,7.36,-20.246,4.919,-6.212999999999999,1.8769999999999998,0.888,-0.623,-5.287000000000001,-1.777,0.41100000000000003,-4.253,-1.411,2.883,1.137,-3.576,-3.995,1.265,-0.064,0.93,0.182,0.42,0.395,-0.397,0.156,0.37,2.71,3.81,0.0,1.14,1.07,1.49,0.0,1.35,1.92,1.36,0.24,0.0,0.57,0.0,3.18,1.18,0.83,1.0,1.0,0.0,1.0,1.0,1.0,0.0,1.0,1.0,1.0,1.0,0.0,0.0,0.0,1.0,1.0,0.0,0.0
32,1.034,0.98,-0.0033520000000000004,0.19375499999999998,-0.981044,-0.178239,0.205283,-0.9623360000000001,-0.09300000000000001,0.203,532.4,538.5,551.2,562.8,566.7,561.4,547.9,536.3,519.7,527.3,536.8,547.7,559.2,568.5,575.2,566.7,556.1,544.8,534.3,525.8,542.2,548.8,555.9,559.5,557.3,550.7,543.6,540.0,683.6,688.7,701.3,713.8,719.0,713.8,701.3,687.8,674.8,683.0,693.8,706.1,717.2,726.6,733.8,727.1,717.8,706.7,694.8,683.6,695.7,701.0,706.3,708.5,706.3,701.0,695.7,693.5,326.4,316.1,312.2,317.0,327.7,339.2,342.0,337.2,330.7,324.6,320.1,318.9,321.3,326.6,334.4,337.0,337.1,336.7,335.8,334.2,334.1,336.8,334.6,328.8,322.7,319.9,322.1,328.0,332.9,321.3,317.1,322.7,334.8,346.4,350.6,346.1,339.0,331.7,327.1,325.8,328.0,332.9,339.1,341.5,342.1,342.1,341.8,341.4,339.7,342.0,340.2,335.3,330.2,327.8,329.6,334.5,-39.4,-37.2,-32.6,-28.3,-26.8,-28.7,-33.6,-37.9,-44.2,-41.3,-37.8,-33.8,-29.5,-26.1,-23.7,-26.7,-30.6,-34.7,-38.6,-41.8,-35.8,-33.3,-30.7,-29.5,-30.3,-32.7,-35.3,-36.6,15.5,17.4,21.8,26.3,28.1,26.2,21.7,17.0,12.4,15.3,19.1,23.5,27.4,30.9,33.5,31.0,27.6,23.6,19.4,15.4,19.8,21.7,23.6,24.4,23.6,21.7,19.8,19.0,-12.3,-16.1,-17.5,-15.8,-11.8,-7.6,-6.6,-8.3,-10.7,-13.0,-14.6,-15.0,-14.1,-12.2,-9.4,-8.4,-8.3,-8.5,-8.9,-9.5,-9.5,-8.5,-9.3,-11.4,-13.7,-14.7,-13.9,-11.7,-9.6,-13.8,-15.3,-13.3,-9.0,-4.8,-3.3,-4.9,-7.5,-10.0,-11.7,-12.2,-11.4,-9.6,-7.4,-6.6,-6.4,-6.3,-6.4,-6.6,-7.2,-6.4,-7.0,-8.8,-10.6,-11.5,-10.8,-9.1,1097.7,1099.8,1100.2,1098.7,1096.2,1094.2,1093.8,1095.3,1101.2,1099.7,1097.9,1097.0,1096.6,1096.4,1096.4,1094.6,1093.4,1093.3,1095.1,1098.0,1096.8,1095.9,1096.1,1097.3,1098.7,1099.5,1099.3,1098.2,1065.8,1067.9,1069.2,1068.9,1067.2,1065.1,1063.8,1064.2,1065.4,1065.0,1065.0,1065.3,1066.6,1068.9,1071.0,1067.8,1064.8,1062.9,1062.8,1063.9,1066.3,1066.1,1066.7,1067.6,1068.3,1068.4,1067.9,1067.0,-5.8,26.7,1180.3,0.07200000000000001,0.126,0.039,468.4,467.4,470.7,478.0,492.0,515.5,541.9,576.9,620.0,663.1,701.4,736.6,765.6,785.5,797.2,805.1,810.3,489.5,508.5,534.5,564.0,590.6,660.7,694.2,725.7,753.9,771.8,625.0,623.1,621.8,620.4,581.0,600.9,621.0,643.3,663.8,517.5,535.8,558.1,577.8,556.6,534.8,672.3,693.7,716.6,735.2,717.2,694.8,543.7,567.8,597.4,619.7,644.5,679.7,709.6,680.1,645.2,617.9,593.9,564.8,555.0,597.4,619.8,644.9,698.1,644.9,618.9,595.5,322.6,370.4,417.9,465.7,511.8,557.0,598.3,633.4,646.0,640.8,616.8,584.3,544.9,499.5,449.3,398.9,350.0,278.5,253.1,242.6,244.0,255.8,259.4,250.2,253.4,267.0,291.6,319.7,350.4,380.3,411.6,433.6,441.3,448.9,442.5,436.6,330.1,319.6,321.2,333.0,337.3,336.5,337.0,326.7,328.2,338.9,343.7,343.0,498.0,479.4,473.6,479.1,475.9,483.8,502.5,540.3,555.5,557.4,554.0,536.7,500.1,491.2,494.0,492.5,504.1,532.1,534.2,530.6,-70.4,-70.8,-69.6,-66.6,-60.6,-50.7,-39.7,-25.3,-8.0,9.2,24.7,39.0,50.6,58.6,63.1,66.4,68.6,-60.1,-52.3,-41.6,-29.8,-19.3,8.1,21.2,33.6,44.8,52.0,-5.9,-6.6,-7.1,-7.6,-23.1,-15.2,-7.4,1.3,9.3,-48.7,-41.3,-32.4,-24.5,-33.0,-41.7,12.7,21.1,30.1,37.5,30.3,21.5,-38.4,-28.4,-16.6,-7.9,1.8,15.5,27.6,15.7,2.0,-8.6,-18.0,-29.6,-33.8,-16.7,-7.9,1.9,23.0,1.9,-8.2,-17.4,-15.3,4.3,23.8,43.5,62.2,80.3,96.5,109.5,114.1,112.1,103.1,90.5,74.6,56.1,35.9,15.6,-4.0,-32.5,-42.5,-46.4,-45.5,-40.8,-39.2,-42.9,-41.8,-36.6,-27.0,-15.8,-3.7,7.9,19.9,28.8,31.7,34.5,32.1,29.8,-11.9,-16.0,-15.3,-10.7,-9.0,-9.3,-9.0,-13.1,-12.5,-8.3,-6.4,-6.7,55.0,46.9,44.3,46.3,45.0,48.4,56.5,70.8,76.3,77.0,75.8,69.6,55.8,51.2,52.2,51.6,57.0,67.3,68.1,66.8,1230.2,1231.3,1232.7,1233.4,1229.1,1221.9,1214.5,1201.8,1196.4,1198.0,1204.8,1211.0,1210.0,1207.4,1204.9,1206.5,1209.0,1197.4,1192.8,1184.7,1177.6,1173.7,1168.6,1172.3,1175.9,1179.6,1182.9,1172.3,1166.4,1161.0,1155.8,1174.7,1169.6,1165.3,1165.6,1167.4,1192.3,1188.3,1186.3,1183.9,1185.9,1187.8,1179.1,1179.7,1179.2,1180.7,1178.1,1178.2,1196.1,1178.2,1169.2,1166.5,1165.7,1172.7,1188.1,1178.0,1170.2,1169.7,1172.1,1181.3,1194.2,1171.4,1168.7,1168.0,1186.5,1172.5,1172.4,1175.1,2.529,0.10099999999999999,0.14400000000000002,0.038,625.564,427.625,-53.701,1.412,12.573,10.734000000000002,-6.169,-10.526,-3.117,14.415999999999999,-10.166,1.8840000000000001,-22.853,1.5590000000000002,-5.472,0.495,-0.9,-0.821,-5.2989999999999995,-4.303999999999999,0.735,-3.366,-3.315,3.178,2.207,-3.2,-3.4219999999999997,1.544,-0.057,0.258,0.392,0.298,0.004,-0.425,0.19,-0.06,2.86,3.85,0.0,1.38,1.15,1.77,0.0,1.36,1.84,1.43,0.15,0.0,0.7,0.0,3.33,1.29,0.8,1.0,1.0,0.0,1.0,1.0,1.0,0.0,1.0,1.0,1.0,1.0,0.0,0.0,0.0,1.0,1.0,0.0,0.0
33,1.068,0.98,0.027244,0.182344,-0.982857,-0.19475599999999998,0.208208,-0.958499,-0.086,0.19899999999999998,535.9,542.0,554.6,566.2,570.2,564.9,551.5,539.8,522.7,530.0,539.3,550.1,561.6,571.1,577.9,569.6,558.8,547.5,537.0,528.6,546.2,552.3,559.0,562.3,560.3,554.1,547.4,544.1,686.5,691.8,704.3,716.6,721.6,716.2,703.7,690.4,678.0,686.5,697.5,709.8,720.7,729.9,736.8,730.2,721.0,709.8,697.9,686.6,698.3,703.6,708.9,711.2,709.1,703.8,698.5,696.2,325.3,314.7,310.7,315.6,326.6,338.3,341.2,336.2,329.7,323.6,319.2,317.8,320.2,325.5,333.4,335.9,336.0,335.6,334.7,333.2,332.6,335.2,333.1,327.5,321.6,319.0,321.1,326.7,332.1,320.2,315.9,321.7,334.1,346.0,350.3,345.6,337.7,330.7,326.2,324.9,327.2,332.0,338.0,340.6,341.4,341.5,341.0,340.3,338.8,341.3,339.5,334.4,329.1,326.6,328.4,333.5,-38.3,-36.1,-31.5,-27.1,-25.6,-27.5,-32.4,-36.7,-43.3,-40.5,-37.0,-33.0,-28.8,-25.3,-22.8,-25.8,-29.7,-33.9,-37.8,-41.0,-34.5,-32.2,-29.7,-28.5,-29.3,-31.6,-34.1,-35.2,16.6,18.5,23.0,27.4,29.1,27.2,22.7,18.0,13.6,16.6,20.5,24.9,28.8,32.2,34.7,32.3,28.9,24.8,20.6,16.6,20.8,22.7,24.6,25.5,24.7,22.8,20.9,20.1,-12.8,-16.7,-18.2,-16.3,-12.3,-7.9,-6.9,-8.7,-11.2,-13.4,-15.0,-15.5,-14.6,-12.6,-9.8,-8.8,-8.8,-8.9,-9.3,-9.9,-10.1,-9.1,-9.9,-11.9,-14.1,-15.1,-14.3,-12.2,-10.0,-14.2,-15.8,-13.7,-9.2,-5.0,-3.5,-5.1,-8.0,-10.5,-12.1,-12.5,-11.7,-10.0,-7.9,-6.9,-6.6,-6.6,-6.8,-7.0,-7.6,-6.7,-7.3,-9.2,-11.1,-12.0,-11.3,-9.5,1102.4,1104.3,1104.7,1103.3,1101.0,1099.2,1098.7,1100.1,1106.2,1104.6,1102.6,1101.6,1101.2,1101.0,1101.1,1099.5,1098.4,1098.4,1100.2,1103.1,1101.6,1100.9,1101.1,1102.1,1103.3,1104.1,1103.9,1102.9,1070.4,1072.0,1073.1,1073.0,1071.7,1070.0,1068.9,1069.2,1070.2,1069.7,1069.5,1069.9,1071.4,1074.0,1076.3,1073.1,1070.0,1068.1,1067.9,1068.9,1071.0,1070.9,1071.4,1072.1,1072.7,1072.7,1072.3,1071.6,-4.1,26.4,1168.3,0.065,0.13699999999999998,0.017,466.6,466.9,471.5,480.8,498.1,525.0,553.8,589.0,633.3,677.6,715.9,749.1,774.0,790.5,800.2,807.4,811.9,490.0,509.3,535.8,565.6,593.1,664.4,697.5,729.2,757.2,773.3,629.8,627.3,625.5,623.9,584.5,604.7,624.8,646.8,666.9,520.0,538.7,560.9,580.3,559.4,537.4,675.4,697.2,720.0,738.6,720.2,697.8,547.3,570.7,600.5,622.9,647.9,683.4,713.6,684.6,649.8,622.3,598.0,568.3,558.2,601.2,623.7,649.0,701.9,650.2,623.9,600.4,328.1,377.8,427.3,477.3,523.7,567.7,606.4,636.9,645.7,636.9,608.9,574.9,535.7,492.6,446.3,399.9,354.9,279.9,253.3,240.7,241.8,254.5,257.9,248.9,252.5,266.9,292.2,317.8,348.8,378.9,410.3,433.8,440.6,447.9,441.7,435.7,329.3,318.7,320.2,332.0,336.1,335.3,335.8,325.9,327.3,338.2,342.5,341.7,497.5,478.6,472.4,477.7,474.0,481.7,500.4,539.7,556.4,559.2,556.0,538.2,499.3,490.6,493.1,491.1,502.3,531.7,534.7,531.6,-70.8,-70.7,-68.9,-65.1,-57.7,-46.4,-34.5,-20.2,-2.6,14.9,30.2,43.6,53.4,59.8,63.6,66.6,68.6,-59.3,-51.4,-40.7,-28.9,-18.2,9.4,22.2,34.6,45.7,52.1,-4.0,-4.9,-5.5,-6.1,-21.5,-13.6,-5.8,2.6,10.4,-47.1,-39.7,-30.9,-23.3,-31.5,-40.2,13.8,22.3,31.1,38.4,31.2,22.5,-36.6,-26.9,-15.2,-6.6,3.1,16.8,28.8,17.3,3.8,-6.8,-16.2,-27.9,-32.2,-15.0,-6.3,3.5,24.2,3.9,-6.2,-15.4,-13.0,7.3,27.5,48.0,66.6,83.8,98.6,109.5,112.7,109.4,99.0,85.8,70.0,52.7,34.3,15.9,-2.0,-31.6,-42.0,-46.6,-45.9,-40.8,-39.4,-43.0,-41.8,-36.3,-26.5,-16.3,-4.3,7.2,19.1,28.6,31.1,33.8,31.4,29.1,-12.1,-16.2,-15.6,-10.9,-9.3,-9.7,-9.4,-13.3,-12.7,-8.5,-6.8,-7.1,54.3,46.1,43.3,45.2,43.8,47.1,55.0,69.9,75.9,76.9,75.8,69.4,54.9,50.4,51.3,50.5,55.7,66.4,67.6,66.5,1224.2,1225.7,1227.2,1226.6,1220.0,1210.4,1200.0,1187.0,1183.1,1185.5,1192.5,1197.5,1195.7,1193.0,1190.7,1193.4,1197.2,1185.1,1180.5,1172.6,1165.3,1161.1,1156.7,1160.8,1164.8,1168.6,1171.7,1160.0,1153.7,1147.7,1142.0,1161.1,1156.4,1152.3,1152.7,1154.5,1179.1,1175.2,1173.3,1171.2,1172.8,1174.6,1167.4,1167.8,1167.4,1169.3,1166.4,1166.3,1183.3,1165.5,1156.0,1153.5,1153.1,1160.0,1175.6,1166.2,1158.8,1157.8,1160.1,1168.8,1181.7,1158.6,1156.1,1155.9,1174.1,1160.8,1160.2,1162.7,2.555,0.094,0.158,0.015,629.783,427.56300000000005,-49.313,16.807000000000002,14.743,7.555,-1.7109999999999999,-11.134,0.079,13.344000000000001,-11.970999999999998,4.431,-19.298,-0.713,-2.447,-0.45299999999999996,-0.552,-1.5659999999999998,-5.273,-2.478,1.607,-3.717,-2.282,2.008,2.123,-3.427,-2.983,0.895,0.419,-0.716,0.021,0.267,-0.19,-0.151,-0.129,-0.054000000000000006,2.8,3.69,0.0,1.48,1.27,1.65,0.0,1.64,1.86,1.56,0.04,0.0,0.44,0.0,3.31,1.31,0.89,1.0,1.0,0.0,1.0,1.0,1.0,0.0,1.0,1.0,1.0,1.0,0.0,0.0,0.0,1.0,1.0,0.0,0.0
34,1.101,0.98,0.014303,0.186967,-0.9822620000000001,-0.187498,0.189165,-0.963878,-0.08900000000000001,0.191,538.2,544.2,556.8,568.8,573.1,568.0,554.5,542.5,525.5,533.3,542.7,553.3,564.7,574.2,581.1,572.7,562.1,550.9,540.3,531.7,548.5,555.1,562.2,565.5,563.2,556.6,549.6,546.2,689.7,695.0,707.7,720.1,725.2,719.8,707.2,693.8,681.9,690.0,700.8,712.9,723.7,733.0,740.0,733.4,724.0,712.8,701.1,690.2,701.8,707.1,712.4,714.7,712.6,707.3,702.0,699.7,323.1,312.7,308.4,312.9,323.4,335.1,338.1,333.7,326.6,320.6,316.0,314.8,317.1,322.1,329.9,332.5,332.6,332.2,331.3,330.0,330.4,332.9,330.6,324.8,318.9,316.4,318.7,324.5,328.9,317.3,313.0,318.6,330.7,342.3,346.6,342.1,334.8,327.4,323.0,321.9,324.1,329.0,335.0,337.6,338.2,338.2,337.8,337.3,335.5,337.9,336.1,331.2,326.1,323.8,325.6,330.4,-37.2,-35.1,-30.5,-26.1,-24.5,-26.2,-31.2,-35.6,-42.0,-39.1,-35.6,-31.7,-27.5,-24.1,-21.5,-24.5,-28.4,-32.5,-36.4,-39.6,-33.4,-31.0,-28.4,-27.2,-28.1,-30.6,-33.1,-34.3,17.9,19.9,24.4,28.9,30.7,28.7,24.1,19.3,15.1,18.0,21.9,26.2,30.2,33.6,36.2,33.7,30.2,26.1,21.9,18.0,22.3,24.2,26.1,26.9,26.2,24.3,22.4,21.5,-13.5,-17.3,-18.9,-17.3,-13.4,-9.1,-8.0,-9.6,-12.2,-14.5,-16.1,-16.5,-15.7,-13.8,-11.0,-10.0,-10.0,-10.1,-10.5,-11.0,-10.8,-9.9,-10.7,-12.9,-15.0,-16.0,-15.1,-13.0,-11.2,-15.4,-17.0,-15.0,-10.6,-6.4,-4.8,-6.4,-9.1,-11.7,-13.3,-13.7,-12.9,-11.2,-9.0,-8.1,-7.9,-7.8,-8.0,-8.2,-8.8,-8.0,-8.6,-10.4,-12.2,-13.1,-12.4,-10.7,1097.6,1099.8,1100.4,1098.9,1096.3,1094.1,1093.5,1095.0,1101.2,1099.7,1097.9,1097.1,1096.7,1096.4,1096.3,1094.5,1093.3,1093.2,1094.9,1097.9,1096.6,1095.8,1096.1,1097.3,1098.8,1099.6,1099.3,1098.1,1080.3,1082.3,1083.4,1082.9,1081.2,1079.2,1078.1,1078.7,1079.9,1079.6,1079.5,1079.7,1080.8,1083.0,1084.8,1081.9,1078.9,1077.2,1077.3,1078.4,1080.6,1080.4,1080.9,1081.7,1082.4,1082.6,1082.2,1081.3,-2.8,25.2,1168.4,0.046,0.133,0.013000000000000001,468.3,469.2,474.0,483.6,501.2,528.7,557.9,592.8,637.3,682.1,720.7,753.7,777.7,793.4,802.9,809.9,814.3,492.2,511.7,538.7,569.2,597.1,667.5,700.4,732.5,760.7,776.4,633.9,631.4,629.6,628.2,588.3,608.5,628.7,650.6,670.5,523.2,542.0,564.0,583.4,562.5,540.6,678.8,700.7,723.3,741.7,723.3,701.1,549.6,573.5,603.7,626.3,651.8,687.1,717.2,688.1,653.3,625.5,600.8,570.9,560.4,604.4,627.2,652.9,705.5,654.1,627.3,603.6,330.1,379.9,429.4,479.1,524.8,567.5,604.9,633.9,642.0,632.5,603.4,569.1,529.7,487.5,442.9,398.9,356.3,277.6,250.6,237.2,238.1,251.5,254.7,245.5,249.0,263.5,288.9,314.3,345.0,374.8,405.8,430.5,437.1,444.2,438.1,432.0,326.3,315.6,317.0,328.8,332.7,332.0,332.7,322.8,324.1,335.3,339.2,338.4,494.1,475.1,468.9,474.2,470.5,478.2,497.0,535.3,551.8,554.6,551.4,533.9,495.8,487.0,489.5,487.4,498.8,527.5,530.8,527.8,-70.2,-69.9,-68.0,-64.0,-56.4,-44.9,-32.8,-18.6,-1.1,16.6,32.0,45.3,54.8,61.0,64.7,67.7,69.7,-58.4,-50.5,-39.6,-27.5,-16.6,10.6,23.4,36.0,47.1,53.4,-2.4,-3.3,-4.0,-4.5,-20.0,-12.1,-4.3,4.1,11.7,-45.9,-38.4,-29.7,-22.1,-30.3,-38.9,15.1,23.6,32.5,39.7,32.4,23.8,-35.6,-25.8,-14.0,-5.3,4.5,18.2,30.2,18.7,5.1,-5.6,-15.1,-26.9,-31.4,-13.7,-4.9,5.0,25.6,5.4,-4.9,-14.1,-12.2,8.1,28.4,48.7,67.0,83.7,97.8,108.2,111.0,107.5,96.7,83.4,67.6,50.7,32.9,15.5,-1.5,-32.6,-43.1,-48.0,-47.4,-42.0,-40.6,-44.3,-43.2,-37.7,-27.8,-17.7,-5.8,5.7,17.4,27.3,29.7,32.3,30.0,27.7,-13.2,-17.4,-16.8,-12.2,-10.7,-11.0,-10.6,-14.5,-14.0,-9.6,-8.1,-8.4,52.9,44.7,42.0,43.9,42.5,45.7,53.7,68.2,74.1,75.1,74.0,67.7,53.5,49.0,49.9,49.1,54.3,64.8,66.0,65.0,1226.6,1227.7,1228.6,1227.4,1219.8,1209.5,1198.4,1185.3,1181.3,1183.8,1191.3,1196.4,1194.7,1192.5,1190.9,1194.7,1199.5,1186.5,1181.9,1173.8,1166.2,1161.8,1158.0,1162.3,1166.8,1171.1,1174.6,1160.6,1154.0,1147.7,1141.7,1161.0,1156.3,1152.1,1152.5,1154.3,1179.7,1175.8,1174.0,1172.0,1173.3,1175.0,1168.7,1169.3,1168.9,1170.9,1167.8,1167.7,1183.0,1165.5,1156.0,1153.5,1153.4,1160.2,1175.9,1166.2,1158.7,1157.5,1159.6,1168.4,1181.4,1158.4,1156.1,1156.1,1174.4,1160.8,1159.9,1162.3,2.5540000000000003,0.07400000000000001,0.153,0.012,633.114,424.48699999999997,-47.637,20.56,15.748,6.607,0.895,-10.494000000000002,-0.125,12.618,-11.972999999999999,7.196000000000001,-18.079,-0.7929999999999999,-2.781,0.16,-0.039,-2.229,-5.556,-2.174,1.2790000000000001,-3.9589999999999996,-2.344,1.621,2.463,-3.45,-2.568,0.802,0.466,-0.505,0.005,0.17,-0.142,-0.12,-0.105,-0.05,2.68,3.48,0.0,1.39,1.27,1.49,0.0,1.74,1.94,1.49,0.0,0.0,0.28,0.0,3.21,1.16,0.91,1.0,1.0,0.0,1.0,1.0,1.0,0.0,1.0,1.0,1.0,1.0,0.0,0.0,0.0,1.0,1.0,0.0,0.0
35,1.1340000000000001,0.98,0.06404299999999999,0.170562,-0.9832639999999999,-0.195088,0.177857,-0.964525,-0.067,0.177,542.2,548.6,561.7,573.9,578.1,572.6,558.6,546.4,529.0,536.1,545.2,555.7,567.6,577.6,584.5,575.8,564.9,553.3,542.9,534.6,553.8,559.6,565.9,569.0,567.1,561.2,554.9,551.8,692.5,697.7,710.1,722.4,727.4,722.2,709.8,696.5,684.3,692.7,703.7,715.8,726.5,735.7,742.5,736.1,726.8,715.7,704.0,692.8,704.5,709.6,714.6,716.8,714.7,709.7,704.6,702.5,319.7,308.4,303.9,308.8,320.2,332.7,336.1,331.2,323.3,317.4,312.9,311.6,313.7,319.0,327.3,329.4,329.3,328.8,328.0,326.7,326.6,328.9,326.8,321.4,315.9,313.5,315.6,321.1,326.1,314.4,310.1,315.8,328.1,339.7,344.0,339.4,332.0,324.8,320.3,319.1,321.4,326.3,332.4,334.7,335.3,335.2,334.8,334.4,332.6,334.9,333.2,328.4,323.4,321.1,322.8,327.6,-35.1,-32.9,-28.2,-23.8,-22.2,-24.1,-29.1,-33.6,-40.0,-37.4,-34.1,-30.2,-26.0,-22.4,-19.9,-23.0,-26.9,-31.0,-34.8,-37.9,-30.9,-28.8,-26.6,-25.5,-26.2,-28.3,-30.6,-31.7,18.9,20.8,25.2,29.7,31.5,29.5,25.1,20.3,15.9,18.9,22.9,27.2,31.1,34.5,37.0,34.6,31.2,27.1,22.9,18.9,23.2,25.0,26.8,27.6,26.9,25.1,23.3,22.5,-14.5,-18.6,-20.2,-18.4,-14.3,-9.8,-8.6,-10.3,-13.2,-15.3,-16.9,-17.4,-16.6,-14.7,-11.7,-11.0,-11.0,-11.2,-11.5,-12.0,-12.0,-11.1,-11.9,-13.9,-15.9,-16.7,-16.0,-14.0,-12.2,-16.4,-18.0,-15.9,-11.5,-7.3,-5.7,-7.4,-10.0,-12.6,-14.3,-14.7,-13.9,-12.1,-10.0,-9.1,-8.9,-8.9,-9.0,-9.2,-9.9,-9.0,-9.6,-11.4,-13.2,-14.0,-13.4,-11.7,1077.9,1079.8,1080.1,1078.5,1076.1,1074.2,1073.9,1075.5,1081.6,1080.0,1077.8,1076.6,1076.0,1075.6,1075.4,1074.2,1073.4,1073.6,1075.6,1078.8,1077.0,1076.3,1076.4,1077.3,1078.5,1079.2,1079.1,1078.2,1078.1,1080.0,1081.2,1081.0,1079.5,1077.6,1076.4,1076.8,1077.7,1077.3,1077.3,1077.7,1079.1,1081.6,1083.8,1080.6,1077.5,1075.6,1075.4,1076.4,1078.7,1078.6,1079.1,1079.9,1080.5,1080.6,1080.1,1079.3,-1.8,23.9,1172.5,0.027000000000000003,0.133,0.015,470.9,471.4,476.1,485.5,503.3,531.1,560.3,595.0,639.3,684.1,722.9,756.0,779.9,795.5,804.9,811.8,816.2,495.2,515.3,542.4,572.6,600.5,670.9,703.5,735.3,763.4,779.1,637.2,634.6,632.7,631.1,590.8,611.1,631.3,653.4,673.4,526.2,545.1,567.1,586.2,565.3,543.5,681.6,703.5,726.1,744.4,726.1,703.9,551.1,576.1,606.4,628.9,654.2,689.3,720.0,689.8,654.9,627.3,602.9,573.0,561.7,607.0,629.7,655.3,708.3,656.0,629.4,605.9,329.2,379.5,429.6,479.6,524.6,566.0,601.5,628.5,635.8,626.8,598.6,565.1,526.1,484.2,440.0,396.8,355.1,274.6,247.7,234.1,234.8,248.0,251.3,242.6,246.3,260.8,286.3,310.6,341.3,371.2,402.2,427.3,433.6,440.6,434.6,428.6,323.1,312.5,313.9,325.8,329.6,328.7,329.9,320.0,321.3,332.6,336.4,335.5,490.2,471.7,465.5,470.7,467.1,474.8,493.2,529.4,544.5,547.1,544.2,527.9,492.1,483.5,486.0,483.9,495.1,520.7,523.7,521.0,-69.5,-69.3,-67.4,-63.4,-55.7,-44.0,-31.9,-17.8,-0.3,17.4,33.0,46.4,55.9,62.0,65.7,68.7,70.7,-57.5,-49.4,-38.4,-26.3,-15.4,12.0,24.7,37.2,48.4,54.7,-1.1,-2.1,-2.8,-3.4,-19.1,-11.2,-3.3,5.2,12.9,-44.9,-37.4,-28.7,-21.1,-29.3,-38.0,16.3,24.8,33.7,40.9,33.6,25.0,-35.2,-24.9,-13.0,-4.3,5.5,19.2,31.5,19.4,5.8,-4.9,-14.4,-26.1,-30.9,-12.8,-4.0,5.9,26.8,6.2,-4.1,-13.3,-12.6,8.0,28.6,49.1,67.1,83.3,96.7,106.3,108.8,105.5,95.0,82.0,66.4,49.5,31.9,14.7,-2.0,-33.9,-44.4,-49.5,-48.9,-43.6,-42.2,-45.7,-44.4,-38.9,-29.0,-19.2,-7.2,4.3,16.1,26.1,28.5,31.1,28.8,26.5,-14.6,-18.7,-18.1,-13.4,-12.0,-12.3,-11.8,-15.7,-15.1,-10.7,-9.2,-9.6,51.5,43.6,40.8,42.7,41.3,44.6,52.4,66.0,71.4,72.4,71.4,65.6,52.2,47.9,48.7,47.9,53.1,62.3,63.5,62.5,1232.2,1232.8,1233.3,1231.7,1223.7,1212.9,1201.1,1187.4,1183.4,1186.2,1194.3,1200.0,1198.6,1196.7,1195.3,1199.3,1204.5,1191.7,1187.3,1179.5,1171.8,1167.2,1163.3,1167.8,1172.3,1176.4,1179.7,1165.8,1158.9,1152.3,1146.1,1165.3,1160.4,1156.1,1156.7,1158.6,1184.6,1180.7,1178.8,1176.8,1178.0,1179.8,1173.7,1174.3,1173.9,1175.8,1172.6,1172.6,1187.1,1169.8,1160.1,1157.7,1157.6,1164.5,1180.1,1169.5,1161.4,1160.0,1162.2,1171.5,1185.5,1162.4,1160.1,1160.2,1178.5,1163.8,1162.8,1165.2,2.545,0.054000000000000006,0.152,0.013999999999999999,635.6469999999999,420.961,-45.756,21.612,14.537,4.685,1.6,-7.941,-1.401,12.097999999999999,-13.567,7.765,-17.769000000000002,-0.406,-2.8139999999999996,-0.013000000000000001,-0.385,-1.686,-5.252999999999999,-2.354,1.5119999999999998,-3.8360000000000003,-1.8869999999999998,1.36,2.44,-3.3689999999999998,-2.639,0.7190000000000001,0.332,-0.272,-0.064,0.32799999999999996,-0.141,-0.17,-0.145,-0.12,2.52,3.4,0.0,1.21,1.24,1.3,0.0,1.81,2.05,1.61,0.0,0.0,0.33,0.0,3.14,1.1,0.96,1.0,1.0,0.0,1.0,1.0,1.0,0.0,1.0,1.0,1.0,0.0,0.0,0.0,0.0,1.0,1.0,0.0,0.0
36,1.168,0.98,0.025970999999999998,0.164464,-0.986041,-0.194895,0.17644100000000001,-0.964823,-0.086,0.17300000000000001,543.1,549.4,562.3,574.3,578.4,573.0,559.2,547.2,530.5,538.0,547.3,558.0,569.5,579.1,585.9,577.3,566.6,555.3,544.9,536.5,553.5,560.1,567.1,570.6,568.5,561.9,554.9,551.4,694.1,699.5,712.1,724.6,729.7,724.3,711.6,698.2,686.3,694.8,705.8,717.8,728.4,737.5,744.3,737.8,728.6,717.5,705.8,694.8,706.2,711.4,716.7,719.0,716.9,711.7,706.4,704.1,317.7,307.1,302.9,307.6,318.5,330.3,333.3,328.6,321.6,315.8,311.4,310.2,312.4,317.6,325.5,327.8,327.8,327.2,326.4,324.9,325.1,327.8,325.5,319.7,313.8,311.2,313.4,319.2,324.6,312.9,308.8,314.5,326.9,338.5,342.7,338.0,330.5,323.3,319.0,318.1,320.4,325.3,331.2,333.6,334.0,333.9,333.5,332.9,331.4,333.8,332.1,327.2,322.1,319.7,321.4,326.3,-35.2,-32.9,-28.3,-23.9,-22.3,-24.2,-29.2,-33.6,-39.9,-37.1,-33.6,-29.7,-25.5,-22.1,-19.6,-22.7,-26.5,-30.6,-34.4,-37.6,-31.3,-29.0,-26.4,-25.2,-26.0,-28.4,-30.9,-32.2,19.4,21.4,26.0,30.5,32.2,30.2,25.7,20.8,16.6,19.6,23.6,27.9,31.8,35.1,37.6,35.2,31.8,27.8,23.6,19.6,23.8,25.7,27.6,28.4,27.7,25.8,23.9,23.1,-15.3,-19.2,-20.8,-19.0,-15.0,-10.7,-9.7,-11.4,-14.0,-16.1,-17.7,-18.1,-17.2,-15.4,-12.5,-11.7,-11.6,-11.8,-12.2,-12.7,-12.6,-11.7,-12.5,-14.6,-16.8,-17.8,-16.9,-14.8,-12.7,-16.9,-18.5,-16.4,-11.9,-7.7,-6.2,-7.9,-10.6,-13.2,-14.7,-15.0,-14.2,-12.5,-10.4,-9.5,-9.3,-9.3,-9.5,-9.7,-10.3,-9.4,-10.0,-11.8,-13.6,-14.5,-13.9,-12.1,1088.8,1091.0,1091.4,1089.8,1087.2,1085.1,1084.7,1086.2,1092.2,1090.7,1088.8,1087.8,1087.4,1087.0,1086.9,1085.3,1084.2,1084.2,1086.1,1089.1,1087.8,1086.9,1087.1,1088.3,1089.7,1090.6,1090.4,1089.2,1077.1,1079.2,1080.4,1080.1,1078.4,1076.4,1075.2,1075.6,1076.6,1076.3,1076.3,1076.7,1077.9,1080.3,1082.3,1079.3,1076.2,1074.4,1074.3,1075.3,1077.6,1077.5,1078.0,1078.8,1079.5,1079.7,1079.2,1078.3,-1.2,23.1,1175.5,0.03,0.135,0.016,472.7,473.3,477.6,486.6,504.3,532.1,561.7,596.5,641.1,686.3,725.5,758.6,782.2,797.3,806.3,813.2,817.7,496.9,517.0,544.2,574.3,602.3,673.2,705.9,737.6,765.4,781.0,639.2,636.4,634.3,632.5,592.1,612.4,632.7,654.8,674.8,528.2,547.0,568.8,587.8,566.9,545.3,683.5,705.5,727.9,746.2,727.8,705.8,552.0,577.6,607.8,630.4,656.0,690.8,721.7,691.2,656.4,628.6,604.1,574.4,562.4,608.4,631.2,657.1,710.0,657.6,630.8,607.2,326.9,377.3,427.4,477.5,522.4,563.4,598.1,624.4,631.3,622.0,594.1,561.2,522.8,481.5,438.1,395.7,354.6,272.5,245.9,232.4,233.2,246.4,249.7,241.4,245.2,259.5,284.7,309.5,340.5,370.6,401.8,426.1,432.5,439.7,433.7,427.5,321.4,311.0,312.4,324.2,327.9,327.0,328.6,318.9,320.2,331.5,335.1,334.2,487.1,470.1,464.8,469.8,466.2,473.1,490.1,524.8,539.6,542.3,539.4,523.8,489.1,481.9,484.4,482.1,492.1,516.9,520.0,517.4,-68.9,-68.7,-67.0,-63.2,-55.5,-43.7,-31.4,-17.2,0.5,18.4,34.1,47.6,56.9,62.9,66.4,69.4,71.5,-57.0,-48.8,-37.8,-25.7,-14.7,12.9,25.7,38.2,49.3,55.6,-0.3,-1.4,-2.2,-2.9,-18.6,-10.7,-2.8,5.7,13.5,-44.3,-36.7,-28.0,-20.5,-28.8,-37.3,17.1,25.7,34.5,41.7,34.4,25.8,-34.9,-24.4,-12.5,-3.7,6.2,19.8,32.2,20.0,6.4,-4.4,-13.9,-25.7,-30.7,-12.3,-3.4,6.6,27.6,6.9,-3.6,-12.8,-13.7,7.1,27.8,48.4,66.4,82.5,95.6,104.8,107.2,103.8,93.4,80.7,65.2,48.6,31.2,14.3,-2.2,-34.9,-45.3,-50.3,-49.6,-44.3,-42.8,-46.3,-45.0,-39.5,-29.7,-19.7,-7.6,4.1,16.0,25.7,28.1,30.8,28.5,26.1,-15.3,-19.3,-18.7,-14.1,-12.6,-13.0,-12.3,-16.1,-15.6,-11.2,-9.8,-10.1,50.4,43.1,40.6,42.5,41.1,44.0,51.3,64.4,69.7,70.7,69.7,64.1,51.2,47.3,48.2,47.4,52.1,61.0,62.2,61.3,1236.0,1236.7,1237.2,1235.5,1227.4,1216.3,1203.9,1189.8,1185.8,1188.9,1197.4,1203.1,1201.8,1199.7,1198.3,1202.4,1207.7,1195.1,1190.4,1182.5,1174.5,1169.6,1165.8,1170.3,1174.9,1179.2,1182.7,1168.6,1161.7,1155.1,1148.8,1168.3,1163.4,1159.0,1159.5,1161.5,1187.4,1183.4,1181.6,1179.7,1180.8,1182.5,1176.6,1177.2,1176.8,1178.8,1175.6,1175.5,1190.2,1173.0,1163.5,1161.1,1161.1,1168.0,1183.5,1172.6,1164.3,1162.7,1164.9,1174.3,1188.6,1165.5,1163.3,1163.5,1181.7,1166.8,1165.7,1168.1,2.539,0.055999999999999994,0.154,0.015,637.304,418.809,-43.578,22.944000000000003,13.714,2.445,2.613,-5.992999999999999,-2.5469999999999997,12.149000000000001,-14.047,9.0,-17.912,-0.469,-2.7760000000000002,0.068,-0.05,-1.505,-5.905,-2.108,1.0390000000000001,-3.557,-1.5130000000000001,1.607,2.0140000000000002,-3.51,-2.524,0.8390000000000001,0.265,-0.381,0.049,0.41700000000000004,-0.04,-0.08900000000000001,0.006,-0.14400000000000002,2.4,3.34,0.0,0.95,1.24,1.17,0.0,1.82,2.16,1.61,0.0,0.0,0.36,0.0,3.14,1.04,1.01,1.0,1.0,0.0,1.0,1.0,1.0,0.0,1.0,1.0,1.0,0.0,0.0,0.0,0.0,1.0,1.0,0.0,0.0
37,1.2009999999999998,0.98,0.042236,0.172976,-0.9840200000000001,-0.190143,0.185503,-0.9640719999999999,-0.076,0.182,545.1,551.4,564.4,576.4,580.4,575.0,561.2,549.1,532.3,539.5,548.7,559.6,571.3,580.9,587.4,578.8,568.1,556.7,546.3,538.1,555.7,562.1,569.1,572.5,570.4,564.0,557.0,553.5,695.6,700.8,713.3,725.8,731.1,726.0,713.5,700.0,687.3,696.0,707.2,719.3,729.9,739.0,745.8,739.3,730.0,718.9,707.1,696.0,707.9,713.1,718.2,720.4,718.2,713.0,707.8,705.7,318.2,307.1,302.8,307.9,319.2,331.5,334.6,329.6,322.0,316.2,312.0,310.9,313.3,318.5,326.6,328.6,328.6,328.0,327.0,325.3,325.7,328.5,326.2,320.2,314.1,311.4,313.6,319.6,325.7,314.0,309.6,315.3,327.6,339.4,343.7,339.1,331.8,324.7,320.3,319.2,321.6,326.5,332.3,334.4,334.7,334.6,334.2,333.9,332.4,334.7,333.0,328.1,323.0,320.6,322.4,327.3,-34.4,-32.2,-27.5,-23.1,-21.6,-23.5,-28.5,-32.9,-39.2,-36.5,-33.1,-29.1,-24.9,-21.4,-19.0,-22.1,-26.0,-30.1,-33.9,-37.0,-30.6,-28.2,-25.7,-24.5,-25.3,-27.6,-30.1,-31.4,19.9,21.7,26.2,30.7,32.6,30.7,26.2,21.4,16.9,20.0,24.0,28.3,32.1,35.4,38.0,35.5,32.1,28.1,23.9,20.0,24.2,26.1,28.0,28.7,28.0,26.1,24.3,23.5,-15.2,-19.2,-20.8,-18.9,-14.8,-10.3,-9.2,-11.0,-13.8,-15.9,-17.4,-17.8,-16.9,-15.0,-12.1,-11.4,-11.4,-11.6,-12.0,-12.6,-12.4,-11.4,-12.2,-14.4,-16.7,-17.7,-16.8,-14.7,-12.2,-16.5,-18.0,-16.0,-11.6,-7.3,-5.8,-7.4,-10.1,-12.6,-14.2,-14.5,-13.7,-12.0,-9.9,-9.2,-9.0,-9.0,-9.2,-9.3,-9.9,-9.0,-9.7,-11.4,-13.2,-14.1,-13.4,-11.7,1088.1,1089.9,1090.2,1088.7,1086.4,1084.6,1084.3,1085.8,1091.6,1090.0,1087.9,1086.8,1086.4,1086.1,1086.1,1084.7,1083.8,1084.0,1085.9,1088.8,1087.2,1086.4,1086.6,1087.5,1088.8,1089.6,1089.5,1088.5,1071.1,1073.2,1074.5,1074.3,1072.8,1070.7,1069.4,1069.7,1070.6,1070.2,1070.2,1070.7,1072.1,1074.6,1076.9,1073.7,1070.5,1068.6,1068.4,1069.3,1071.8,1071.7,1072.2,1073.1,1073.7,1073.8,1073.2,1072.4,-0.6,23.3,1177.4,0.049,0.131,0.016,474.3,474.8,478.9,487.6,505.0,532.8,562.8,597.8,642.5,687.8,727.0,760.1,783.8,799.0,808.0,814.9,819.4,498.4,518.5,545.9,576.4,604.6,674.7,707.7,739.7,767.6,782.9,640.9,638.0,635.9,634.1,593.8,614.0,634.2,656.1,675.8,529.7,548.6,570.3,589.4,568.6,546.9,685.0,706.9,729.3,747.6,729.1,707.2,553.8,579.2,609.2,631.8,657.6,691.9,721.9,692.4,658.3,630.4,605.8,576.1,564.2,609.9,632.7,658.7,710.4,659.5,632.5,608.8,325.2,375.8,426.0,476.1,521.0,561.8,596.3,622.6,629.7,620.3,592.0,559.1,521.2,480.1,437.1,394.7,353.6,273.3,246.7,233.4,234.2,247.5,250.9,242.7,246.5,261.1,286.4,311.0,342.1,372.3,403.7,427.0,433.7,441.0,435.0,428.8,321.8,311.7,313.3,325.2,328.6,327.7,329.7,320.0,321.3,332.4,336.2,335.3,486.8,470.6,465.7,470.9,467.3,473.9,490.0,525.5,541.2,544.1,541.2,524.8,488.8,482.7,485.3,483.1,492.0,518.1,521.4,518.6,-68.3,-68.2,-66.5,-62.9,-55.4,-43.6,-31.0,-16.8,1.0,19.0,34.8,48.3,57.7,63.8,67.3,70.2,72.3,-56.5,-48.3,-37.1,-24.9,-13.8,13.5,26.4,39.1,50.2,56.4,0.4,-0.8,-1.6,-2.3,-18.0,-10.1,-2.3,6.2,13.9,-43.7,-36.1,-27.5,-19.9,-28.1,-36.7,17.7,26.3,35.1,42.3,35.0,26.4,-34.2,-23.8,-12.0,-3.2,6.8,20.2,32.3,20.5,7.1,-3.7,-13.3,-25.1,-30.1,-11.7,-2.8,7.3,27.8,7.6,-2.9,-12.2,-14.3,6.5,27.3,47.9,66.0,82.1,95.1,104.5,106.9,103.5,92.9,80.1,64.7,48.2,30.9,13.9,-2.6,-34.6,-45.0,-50.0,-49.3,-43.9,-42.4,-45.8,-44.5,-38.9,-29.1,-19.1,-6.9,4.8,16.7,26.1,28.6,31.3,29.0,26.7,-15.1,-19.1,-18.4,-13.7,-12.4,-12.8,-11.9,-15.7,-15.2,-10.9,-9.4,-9.7,50.4,43.3,41.1,43.0,41.6,44.4,51.3,64.8,70.5,71.6,70.5,64.7,51.1,47.7,48.7,47.8,52.1,61.6,62.9,61.9,1236.6,1237.8,1239.0,1238.0,1230.5,1219.7,1207.1,1193.2,1189.4,1192.8,1201.1,1206.4,1204.9,1202.8,1201.2,1205.0,1210.0,1196.4,1191.4,1183.2,1175.0,1169.9,1166.3,1170.8,1175.7,1180.2,1184.3,1169.8,1163.1,1156.6,1150.6,1170.0,1165.3,1161.1,1161.6,1163.4,1188.5,1184.4,1182.5,1180.9,1181.9,1183.6,1177.9,1178.4,1178.1,1180.3,1177.0,1176.9,1191.8,1174.9,1165.4,1163.0,1163.1,1169.9,1185.3,1175.4,1167.6,1166.1,1168.2,1177.0,1190.3,1167.7,1165.5,1165.8,1183.6,1169.7,1168.6,1171.0,2.5340000000000003,0.075,0.15,0.015,638.808,419.19199999999995,-42.227,22.526999999999997,13.472000000000001,2.7260000000000004,3.148,-7.432,-2.1790000000000003,11.317,-13.862,9.464,-17.044,-1.537,-1.2990000000000002,0.6859999999999999,0.4,-1.345,-6.566,-2.5269999999999997,0.585,-3.437,-0.958,1.81,1.499,-2.991,-2.64,0.705,0.057999999999999996,-0.442,-0.02,0.474,-0.21,-0.091,0.045,-0.135,2.4,3.33,0.0,0.78,1.26,1.09,0.0,1.9,2.23,1.68,0.0,0.0,0.29,0.0,3.1,0.95,1.12,1.0,1.0,0.0,1.0,1.0,1.0,0.0,1.0,1.0,1.0,0.0,0.0,0.0,0.0,1.0,1.0,0.0,0.0
38,1.235,0.98,0.066914,0.187217,-0.980037,-0.182222,0.193485,-0.964033,-0.059000000000000004,0.193,547.6,553.7,566.7,578.9,583.1,577.8,564.0,551.9,534.0,541.3,550.7,561.5,573.3,582.9,589.5,580.9,570.1,558.6,548.2,539.8,558.8,564.8,571.2,574.3,572.3,566.3,559.8,556.8,697.7,703.0,715.5,727.9,732.8,727.5,715.0,701.7,689.0,697.6,708.7,720.9,731.5,740.6,747.3,740.8,731.6,720.4,708.7,697.6,709.4,714.8,720.1,722.5,720.3,715.0,709.6,707.3,319.8,308.9,304.6,309.5,320.7,332.8,335.9,331.0,323.5,317.7,313.4,312.2,314.6,319.8,327.8,329.9,329.7,329.1,328.2,326.8,326.8,329.3,327.2,321.8,316.2,313.8,315.9,321.3,327.3,315.6,311.4,317.3,329.8,341.5,345.7,340.9,333.5,326.7,322.5,321.4,323.6,328.3,334.0,336.2,336.7,336.6,336.2,335.7,334.3,336.8,335.0,329.9,324.6,322.0,323.8,328.9,-33.5,-31.4,-26.7,-22.2,-20.6,-22.5,-27.5,-31.9,-38.6,-35.8,-32.4,-28.5,-24.2,-20.7,-18.3,-21.4,-25.3,-29.4,-33.2,-36.4,-29.4,-27.2,-24.9,-23.8,-24.6,-26.8,-29.1,-30.2,20.7,22.7,27.2,31.6,33.4,31.4,26.9,22.1,17.6,20.7,24.6,29.0,32.9,36.2,38.7,36.3,32.9,28.8,24.6,20.7,25.0,26.9,28.8,29.7,28.9,27.0,25.0,24.2,-14.6,-18.6,-20.1,-18.3,-14.2,-9.8,-8.7,-10.5,-13.3,-15.4,-16.9,-17.3,-16.5,-14.6,-11.7,-10.9,-10.9,-11.2,-11.5,-12.0,-12.0,-11.1,-11.9,-13.9,-15.9,-16.8,-16.0,-14.1,-11.7,-16.0,-17.5,-15.4,-10.9,-6.6,-5.1,-6.9,-9.5,-11.9,-13.5,-13.9,-13.1,-11.4,-9.4,-8.6,-8.3,-8.4,-8.5,-8.7,-9.2,-8.3,-9.0,-10.8,-12.8,-13.7,-13.0,-11.2,1088.1,1090.3,1090.8,1089.4,1086.9,1084.9,1084.3,1085.7,1091.5,1090.1,1088.1,1087.1,1086.7,1086.4,1086.3,1084.9,1083.9,1083.9,1085.8,1088.7,1087.4,1086.7,1086.9,1088.0,1089.2,1089.9,1089.7,1088.6,1077.1,1078.9,1080.1,1080.1,1078.8,1077.0,1075.8,1076.0,1076.9,1076.4,1076.2,1076.7,1078.1,1080.8,1083.2,1080.0,1076.9,1075.0,1074.8,1075.7,1077.8,1077.8,1078.3,1079.1,1079.7,1079.7,1079.2,1078.4,0.0,23.7,1180.2,0.059000000000000004,0.128,0.018000000000000002,475.1,475.6,479.9,488.8,506.5,534.4,564.2,598.7,643.3,688.7,728.1,761.3,785.0,800.1,809.0,816.1,820.9,500.2,520.4,547.9,578.4,606.5,676.9,709.9,741.8,769.7,784.9,642.9,639.9,637.7,635.9,595.5,615.6,635.9,657.8,677.5,531.6,550.6,572.3,591.2,570.5,548.8,686.7,708.5,730.9,749.2,730.7,708.8,556.2,581.7,611.2,633.5,658.8,692.4,722.0,692.5,659.1,631.7,607.6,578.5,566.4,611.8,634.3,659.9,710.4,660.3,633.9,610.6,323.7,374.9,425.7,476.1,521.0,561.7,595.5,621.4,628.3,619.3,591.6,559.1,521.2,480.1,437.2,394.7,353.4,274.5,248.1,235.0,236.2,249.3,252.9,244.9,248.7,263.1,288.5,312.7,344.3,374.9,406.6,428.9,435.7,443.2,437.2,431.0,323.0,313.2,314.7,326.5,330.1,329.1,331.4,321.8,323.3,334.2,338.1,337.1,488.0,472.6,467.9,473.2,469.6,476.1,491.6,525.4,540.4,543.2,540.2,524.5,490.0,484.7,487.5,485.3,493.6,517.4,520.5,517.7,-68.2,-68.0,-66.3,-62.6,-54.9,-43.1,-30.6,-16.5,1.3,19.4,35.4,49.0,58.5,64.4,67.9,70.9,73.2,-55.9,-47.6,-36.4,-24.2,-13.1,14.4,27.3,40.0,51.1,57.3,1.1,-0.0,-0.9,-1.6,-17.4,-9.5,-1.6,6.9,14.6,-43.0,-35.4,-26.7,-19.2,-27.4,-36.0,18.4,27.0,35.8,43.0,35.7,27.0,-33.4,-22.9,-11.2,-2.5,7.3,20.5,32.5,20.6,7.4,-3.2,-12.7,-24.2,-29.2,-11.0,-2.2,7.7,27.9,7.9,-2.4,-11.5,-15.0,6.2,27.2,48.0,66.2,82.2,95.0,104.2,106.7,103.4,93.1,80.3,65.0,48.3,31.0,14.0,-2.7,-34.2,-44.5,-49.4,-48.6,-43.2,-41.7,-45.0,-43.7,-38.2,-28.3,-18.5,-6.1,5.8,17.9,26.9,29.5,32.3,30.0,27.6,-14.7,-18.5,-17.9,-13.2,-11.8,-12.2,-11.3,-15.0,-14.4,-10.2,-8.6,-9.0,51.0,44.2,42.0,44.0,42.6,45.4,52.1,64.9,70.4,71.4,70.3,64.7,51.7,48.7,49.7,48.8,52.8,61.5,62.7,61.7,1239.7,1241.0,1242.3,1241.1,1233.7,1223.0,1210.4,1196.6,1193.0,1196.6,1205.3,1210.8,1209.3,1206.9,1205.0,1208.4,1213.3,1198.6,1193.4,1185.3,1177.1,1171.8,1168.3,1173.0,1177.9,1182.6,1186.9,1172.3,1165.9,1159.6,1153.7,1173.0,1168.3,1164.2,1164.7,1166.6,1190.8,1186.7,1184.8,1183.2,1184.2,1185.9,1180.4,1180.9,1180.6,1182.9,1179.6,1179.4,1194.5,1177.8,1168.6,1166.3,1166.4,1173.3,1188.6,1178.2,1170.3,1168.8,1170.9,1179.7,1192.9,1170.9,1168.8,1169.0,1186.7,1172.5,1171.4,1173.7,2.528,0.085,0.145,0.017,640.341,420.185,-39.586999999999996,22.904,11.057,2.084,3.5210000000000004,-6.044,-2.377,10.515999999999998,-14.526,8.663,-17.569000000000003,-1.6059999999999999,-1.07,0.633,0.34600000000000003,-1.015,-5.881,-2.786,0.603,-3.6689999999999996,-0.389,2.0,1.7790000000000001,-3.1710000000000003,-2.494,0.835,-0.027999999999999997,-0.36,-0.067,0.384,-0.121,-0.079,0.083,-0.092,2.38,3.39,0.0,0.88,1.26,1.12,0.0,1.83,2.21,1.52,0.0,0.0,0.1,0.0,3.01,0.76,1.21,1.0,1.0,0.0,1.0,1.0,0.0,0.0,1.0,1.0,1.0,0.0,0.0,0.0,0.0,1.0,1.0,0.0,0.0
39,1.268,0.98,0.07039,0.19605,-0.9780639999999999,-0.180343,0.202619,-0.962508,-0.057,0.203,550.3,556.4,569.3,581.4,585.7,580.5,566.8,554.6,536.9,543.8,552.9,563.6,575.6,585.4,592.2,583.8,573.0,561.4,550.8,542.5,561.7,567.6,573.9,576.9,574.9,569.0,562.6,559.6,700.3,705.8,718.1,730.1,734.8,729.3,717.0,704.0,691.7,700.1,711.0,723.1,733.8,742.8,749.3,742.8,733.6,722.6,710.9,700.0,711.8,717.0,722.3,724.7,722.7,717.5,712.1,709.8,320.9,309.2,304.6,309.8,321.6,334.4,337.9,332.8,324.0,318.4,314.3,313.2,315.6,321.0,329.1,330.8,330.7,330.0,329.0,327.3,327.9,330.4,328.2,322.5,316.6,314.1,316.3,322.0,328.5,316.8,312.7,318.6,331.0,342.8,346.9,342.0,334.5,327.8,323.6,322.6,324.8,329.4,335.0,337.3,337.9,337.8,337.3,336.7,335.4,337.9,336.1,331.1,325.7,323.1,324.9,330.0,-32.6,-30.5,-25.8,-21.3,-19.7,-21.6,-26.6,-31.0,-37.6,-35.1,-31.7,-27.7,-23.4,-19.8,-17.4,-20.4,-24.3,-28.5,-32.4,-35.5,-28.5,-26.3,-24.0,-22.9,-23.7,-25.9,-28.2,-29.2,22.0,24.1,28.6,33.0,34.7,32.6,28.1,23.4,18.9,21.9,25.9,30.3,34.3,37.7,40.2,37.7,34.2,30.1,25.9,21.9,26.2,28.1,30.1,31.0,30.3,28.4,26.4,25.5,-14.2,-18.5,-20.2,-18.3,-13.9,-9.3,-8.0,-9.9,-13.1,-15.2,-16.6,-17.0,-16.1,-14.2,-11.2,-10.6,-10.6,-10.9,-11.3,-11.9,-11.7,-10.8,-11.6,-13.6,-15.8,-16.7,-15.9,-13.8,-11.5,-15.8,-17.3,-15.2,-10.6,-6.3,-4.8,-6.6,-9.3,-11.8,-13.3,-13.7,-12.9,-11.2,-9.2,-8.3,-8.1,-8.1,-8.3,-8.5,-9.0,-8.1,-8.7,-10.6,-12.6,-13.5,-12.8,-11.0,1091.1,1092.6,1092.7,1091.4,1089.5,1088.1,1087.9,1089.2,1095.2,1093.4,1091.0,1089.8,1089.4,1089.2,1089.4,1088.2,1087.5,1087.7,1089.6,1092.6,1090.6,1089.9,1090.0,1090.7,1091.7,1092.3,1092.3,1091.5,1095.8,1097.3,1098.4,1098.4,1097.3,1095.8,1094.8,1094.9,1095.9,1095.2,1094.9,1095.3,1096.7,1099.4,1101.8,1098.8,1095.7,1093.9,1093.8,1094.6,1096.6,1096.6,1097.1,1097.7,1098.2,1098.2,1097.7,1097.1,0.9,24.0,1185.5,0.063,0.125,0.02,476.7,477.4,481.7,490.5,507.9,535.6,565.4,600.2,644.9,690.4,730.0,763.2,786.7,801.5,810.1,817.2,822.3,502.4,522.6,550.3,580.8,609.1,679.6,712.4,744.0,771.6,786.9,645.3,642.5,640.3,638.5,598.3,618.3,638.3,660.0,679.6,534.3,553.2,574.9,593.7,573.1,551.5,689.2,710.8,733.0,751.2,732.9,711.1,559.3,584.8,613.9,636.0,661.0,693.9,723.0,693.9,661.2,634.1,610.3,581.7,569.5,614.4,636.7,662.0,711.4,662.3,636.2,613.3,322.6,374.0,424.7,475.0,519.9,560.5,594.0,619.8,627.0,618.5,591.6,559.7,522.1,481.1,438.0,395.2,353.5,275.3,248.9,236.1,237.6,250.9,254.5,246.4,249.9,263.8,288.9,314.0,345.7,376.4,408.3,429.9,436.8,444.3,438.4,432.1,323.7,314.1,315.7,327.4,331.1,330.0,332.4,323.0,324.4,335.3,339.3,338.3,488.5,473.6,469.3,474.6,471.1,477.3,492.2,524.5,538.9,541.6,538.7,523.6,490.3,485.8,488.5,486.4,494.1,516.5,519.6,516.8,-67.7,-67.5,-65.8,-62.1,-54.5,-42.8,-30.2,-15.9,2.0,20.2,36.3,50.0,59.4,65.3,68.6,71.7,74.0,-55.2,-46.9,-35.6,-23.3,-12.1,15.5,28.4,41.0,52.1,58.4,2.1,1.0,0.1,-0.6,-16.4,-8.5,-0.7,7.8,15.5,-42.1,-34.5,-25.8,-18.4,-26.5,-35.1,19.4,28.0,36.8,44.0,36.7,28.1,-32.3,-21.7,-10.2,-1.6,8.2,21.2,33.0,21.3,8.3,-2.3,-11.7,-23.0,-28.2,-10.0,-1.3,8.6,28.4,8.8,-1.5,-10.5,-15.5,5.8,26.9,47.8,66.0,82.1,94.8,104.1,106.6,103.5,93.5,81.0,65.7,48.9,31.5,14.2,-2.6,-34.0,-44.4,-49.2,-48.2,-42.8,-41.3,-44.6,-43.4,-38.1,-28.3,-18.1,-5.6,6.4,18.7,27.5,30.1,32.9,30.6,28.2,-14.5,-18.2,-17.6,-12.9,-11.5,-11.9,-10.9,-14.6,-14.1,-9.8,-8.2,-8.6,51.4,44.8,42.8,44.8,43.4,46.1,52.6,64.9,70.1,71.1,70.0,64.6,52.0,49.3,50.3,49.5,53.3,61.5,62.6,61.6,1244.8,1246.1,1247.5,1246.3,1239.0,1228.2,1215.4,1201.5,1198.0,1201.9,1211.0,1216.8,1215.3,1212.7,1210.5,1213.6,1218.2,1203.6,1198.3,1190.1,1182.0,1176.7,1173.3,1177.8,1182.7,1187.4,1191.7,1177.5,1171.3,1165.2,1159.6,1178.5,1174.0,1169.9,1170.3,1172.2,1195.8,1191.7,1189.9,1188.4,1189.4,1191.0,1185.7,1186.1,1185.8,1188.2,1184.9,1184.8,1199.3,1183.1,1174.3,1172.1,1172.2,1178.9,1193.9,1183.5,1175.7,1174.1,1176.1,1184.6,1197.7,1176.4,1174.4,1174.7,1191.8,1177.9,1176.7,1179.0,2.517,0.08900000000000001,0.142,0.019,642.507,420.61699999999996,-39.324,22.456999999999997,8.49,0.865,3.418,-4.814,-2.533,10.972000000000001,-14.215,8.221,-18.199,-2.175,-1.473,0.8590000000000001,0.528,-0.9390000000000001,-5.877000000000001,-2.747,0.019,-3.2889999999999997,-0.17300000000000001,2.1,1.689,-3.302,-2.326,0.758,-0.284,-0.426,0.003,0.48700000000000004,-0.154,-0.213,0.17800000000000002,-0.073,2.43,3.46,0.0,0.94,1.2,1.28,0.0,1.78,2.12,1.34,0.0,0.0,0.11,0.0,2.85,0.62,1.27,1.0,1.0,0.0,1.0,1.0,0.0,0.0,1.0,1.0,1.0,0.0,0.0,0.0,0.0,1.0,1.0,0.0,0.0
40,1.301,0.98,0.08981900000000001,0.20248,-0.975159,-0.180325,0.18978599999999998,-0.965124,-0.047,0.19899999999999998,553.6,559.8,572.7,584.9,589.1,583.8,570.0,557.8,539.9,546.7,555.7,566.5,578.6,588.6,595.4,586.8,575.7,564.0,553.7,545.4,565.5,571.0,576.9,579.8,577.9,572.3,566.4,563.6,702.9,708.3,720.6,732.6,737.4,732.0,719.7,706.7,694.4,702.8,713.7,725.9,736.6,745.5,752.0,745.5,736.4,725.3,713.7,702.8,714.4,719.6,725.0,727.3,725.2,720.0,714.7,712.4,319.7,307.8,303.1,308.3,320.4,333.4,337.0,331.8,322.7,317.0,313.0,311.8,314.1,319.5,327.7,329.2,329.0,328.3,327.3,325.8,326.3,328.7,326.6,321.2,315.7,313.2,315.4,320.8,327.2,315.4,311.2,317.0,329.4,341.2,345.4,340.6,333.3,326.7,322.5,321.5,323.9,328.5,334.1,336.1,336.6,336.4,335.9,335.3,333.9,336.4,334.6,329.5,324.2,321.6,323.5,328.5,-31.3,-29.1,-24.4,-19.9,-18.4,-20.3,-25.3,-29.7,-36.4,-33.8,-30.5,-26.6,-22.2,-18.6,-16.1,-19.2,-23.2,-27.4,-31.2,-34.3,-27.0,-24.9,-22.8,-21.8,-22.5,-24.5,-26.7,-27.7,23.0,24.9,29.4,33.9,35.6,33.6,29.0,24.3,19.8,22.9,26.9,31.3,35.3,38.6,41.1,38.6,35.1,31.1,26.8,22.9,27.2,29.1,31.0,31.9,31.2,29.2,27.3,26.4,-14.6,-18.9,-20.6,-18.7,-14.3,-9.6,-8.3,-10.2,-13.6,-15.6,-17.0,-17.4,-16.6,-14.6,-11.7,-11.1,-11.2,-11.4,-11.8,-12.4,-12.2,-11.3,-12.1,-14.0,-16.1,-16.9,-16.2,-14.2,-12.0,-16.3,-17.8,-15.7,-11.2,-6.9,-5.3,-7.1,-9.8,-12.1,-13.7,-14.0,-13.2,-11.5,-9.5,-8.7,-8.5,-8.6,-8.8,-9.0,-9.5,-8.6,-9.3,-11.1,-13.1,-14.0,-13.3,-11.5,1085.9,1087.3,1087.3,1086.0,1084.1,1082.8,1082.7,1084.0,1090.1,1088.1,1085.6,1084.2,1083.7,1083.5,1083.7,1082.6,1082.0,1082.3,1084.3,1087.4,1085.4,1084.7,1084.7,1085.4,1086.3,1086.9,1086.9,1086.2,1093.9,1095.5,1096.6,1096.5,1095.4,1093.9,1092.8,1093.0,1093.9,1093.3,1093.0,1093.4,1094.9,1097.6,1100.0,1096.9,1093.9,1092.0,1091.8,1092.7,1094.7,1094.7,1095.2,1095.8,1096.3,1096.3,1095.9,1095.2,1.9,23.4,1187.1,0.057999999999999996,0.115,0.023,478.6,479.2,483.6,492.4,510.2,538.1,568.0,602.6,646.9,691.8,731.0,764.0,787.6,802.7,811.8,819.0,824.2,505.0,525.2,553.5,584.5,613.1,682.2,715.0,746.7,774.4,789.5,648.6,645.7,643.6,641.8,601.1,621.2,641.4,663.1,682.6,537.3,556.2,577.8,596.5,576.0,554.5,692.0,713.6,735.8,753.8,735.6,713.9,562.4,588.3,617.1,639.0,663.8,695.9,724.4,695.6,663.5,636.8,613.3,585.0,572.5,617.5,639.6,664.6,712.8,664.8,639.0,616.2,320.9,372.4,423.2,473.6,518.6,559.0,592.3,617.6,624.5,616.1,589.6,558.2,520.9,480.3,437.5,394.9,353.5,274.7,247.6,234.4,236.0,249.5,253.1,245.1,248.7,263.0,288.6,312.4,343.9,374.4,406.0,427.9,434.8,442.3,436.5,430.2,322.2,312.7,314.2,325.8,329.6,328.5,331.0,321.8,323.3,334.2,338.1,337.1,487.1,472.4,468.1,473.3,469.9,476.3,491.2,522.2,536.0,538.5,535.6,521.0,488.9,484.2,487.0,484.9,493.0,514.1,517.1,514.4,-67.1,-66.9,-65.1,-61.4,-53.7,-41.7,-29.2,-15.0,2.8,20.8,36.8,50.4,59.9,65.9,69.5,72.6,75.0,-54.2,-45.9,-34.4,-21.9,-10.6,16.6,29.5,42.2,53.3,59.6,3.4,2.2,1.4,0.7,-15.3,-7.4,0.5,9.0,16.7,-41.0,-33.3,-24.7,-17.2,-25.4,-34.0,20.6,29.2,37.9,45.2,37.9,29.2,-31.1,-20.4,-9.0,-0.4,9.3,22.0,33.6,22.0,9.2,-1.3,-10.5,-21.8,-27.0,-8.8,-0.2,9.7,29.0,9.7,-0.4,-9.3,-16.3,5.1,26.3,47.2,65.6,81.6,94.2,103.3,105.8,102.8,92.9,80.5,65.3,48.7,31.4,14.2,-2.7,-34.3,-45.0,-49.9,-48.9,-43.4,-41.9,-45.2,-44.0,-38.5,-28.4,-18.7,-6.3,5.6,17.8,26.7,29.3,32.1,29.9,27.5,-15.1,-18.8,-18.2,-13.6,-12.1,-12.5,-11.5,-15.1,-14.5,-10.3,-8.7,-9.1,50.9,44.4,42.4,44.4,43.0,45.8,52.3,64.1,69.1,70.0,68.9,63.6,51.5,48.8,49.8,49.0,52.9,60.6,61.7,60.7,1246.8,1248.0,1249.2,1247.9,1240.3,1229.4,1216.6,1202.9,1199.7,1203.8,1213.1,1219.2,1218.0,1215.7,1213.9,1217.2,1222.0,1205.5,1200.2,1191.9,1183.8,1178.5,1175.4,1180.2,1185.3,1190.3,1195.0,1179.5,1173.1,1166.8,1161.0,1180.0,1175.5,1171.4,1172.0,1174.0,1197.4,1193.4,1191.7,1190.2,1191.1,1192.7,1187.9,1188.6,1188.4,1190.9,1187.5,1187.2,1200.4,1184.4,1175.9,1173.9,1174.2,1181.0,1196.1,1185.3,1177.3,1175.6,1177.4,1185.7,1198.7,1177.9,1176.1,1176.5,1193.9,1179.7,1178.3,1180.4,2.513,0.083,0.13,0.022000000000000002,645.075,419.064,-36.917,22.985,8.088,1.95,4.419,-4.107,-1.778,10.837,-13.965,8.222000000000001,-18.496,-1.915,-1.5759999999999998,0.845,0.201,-1.05,-6.2620000000000005,-2.8539999999999996,-0.18100000000000002,-3.1710000000000003,-0.142,2.093,1.9509999999999998,-3.722,-2.19,0.48100000000000004,0.006999999999999999,-0.41,-0.11800000000000001,0.41700000000000004,-0.136,-0.126,0.179,-0.08900000000000001,2.4,3.55,0.0,1.01,1.16,1.32,0.0,1.84,1.99,1.14,0.0,0.0,0.12,0.0,2.75,0.57,1.47,1.0,1.0,0.0,1.0,1.0,0.0,0.0,1.0,1.0,1.0,0.0,0.0,0.0,0.0,1.0,1.0,0.0,0.0
41,1.335,0.98,0.064093,0.20358900000000002,-0.9769559999999999,-0.14565999999999998,0.209536,-0.966891,-0.042,0.209,557.7,563.3,575.6,587.3,591.6,586.9,573.8,562.1,543.7,550.5,559.7,570.4,582.2,592.4,599.9,592.0,581.4,569.7,558.7,549.7,569.0,574.5,580.2,582.8,580.8,575.3,569.6,566.9,706.9,712.1,723.8,735.0,739.3,734.0,722.3,710.1,695.5,704.7,716.1,728.3,739.1,748.0,754.0,747.7,738.5,726.9,714.9,703.7,717.3,722.4,727.6,730.0,728.1,723.0,717.7,715.4,317.6,306.1,301.5,306.6,318.3,330.9,334.4,329.3,321.0,316.2,312.6,311.4,313.5,318.3,325.1,326.5,326.1,325.6,325.0,323.7,324.0,326.4,324.3,318.8,313.3,311.0,313.1,318.5,325.7,314.4,310.4,316.0,328.0,339.3,343.3,338.6,329.9,325.7,322.4,321.5,323.7,328.0,332.6,334.3,334.2,333.2,332.4,332.0,332.2,334.7,332.9,327.7,322.3,319.8,321.6,326.7,-30.8,-28.7,-24.2,-19.7,-18.1,-19.8,-24.7,-29.2,-36.2,-33.6,-30.1,-26.0,-21.6,-17.8,-15.0,-18.0,-21.9,-26.2,-30.4,-33.9,-26.6,-24.5,-22.4,-21.4,-22.2,-24.2,-26.4,-27.4,24.8,26.8,31.1,35.3,36.9,34.9,30.5,26.0,20.6,24.0,28.2,32.7,36.8,40.2,42.6,40.1,36.6,32.2,27.8,23.6,28.7,30.6,32.6,33.4,32.7,30.8,28.9,28.0,-15.9,-20.2,-21.9,-20.0,-15.6,-10.9,-9.6,-11.5,-14.7,-16.4,-17.7,-18.2,-17.4,-15.6,-13.1,-12.5,-12.7,-12.9,-13.1,-13.6,-13.5,-12.6,-13.4,-15.4,-17.5,-18.4,-17.6,-15.5,-12.7,-16.9,-18.4,-16.3,-11.9,-7.7,-6.2,-7.9,-11.2,-12.7,-13.9,-14.3,-13.5,-11.9,-10.2,-9.6,-9.6,-9.9,-10.2,-10.4,-10.3,-9.4,-10.1,-12.0,-14.0,-14.9,-14.2,-12.3,1123.4,1124.5,1124.5,1123.5,1122.1,1121.1,1120.9,1121.9,1128.1,1125.9,1123.3,1122.0,1121.7,1122.1,1122.8,1121.5,1120.6,1120.6,1122.3,1125.2,1123.2,1122.7,1122.7,1123.2,1123.9,1124.4,1124.4,1123.9,1112.6,1113.5,1114.4,1114.8,1114.4,1113.5,1112.6,1112.4,1114.0,1112.8,1112.2,1112.6,1114.6,1117.8,1121.0,1117.2,1114.0,1112.1,1111.7,1112.6,1113.7,1113.9,1114.3,1114.7,1114.9,1114.7,1114.3,1113.9,3.0,22.4,1185.3,0.053,0.099,0.027000000000000003,480.6,481.0,485.2,494.2,512.1,540.0,569.8,604.4,649.1,694.2,733.3,765.8,789.2,804.2,813.3,820.6,825.9,509.1,528.7,556.7,587.9,616.4,686.2,718.7,750.2,777.5,792.4,652.1,649.4,647.4,645.7,604.7,624.8,645.0,666.7,686.1,541.8,560.8,581.7,600.6,580.3,559.4,694.4,716.1,737.6,755.6,737.2,716.0,566.1,592.1,620.9,642.5,666.9,698.1,725.5,697.3,666.4,640.1,616.9,588.7,576.1,621.2,643.0,667.7,714.2,667.6,642.2,619.8,318.4,369.6,420.4,470.8,515.7,556.2,589.4,614.5,621.9,613.7,587.5,556.2,519.0,478.7,436.2,394.0,353.0,272.2,245.2,231.8,233.4,246.8,250.2,242.6,246.3,260.8,286.3,310.1,341.4,371.7,403.1,424.6,431.6,439.1,433.4,427.2,320.4,312.2,313.5,323.2,326.8,326.1,328.5,321.1,322.9,332.5,335.8,334.5,484.5,470.2,465.8,471.1,467.8,474.3,488.9,519.3,532.9,535.5,532.5,518.1,486.3,481.6,484.4,482.4,490.7,510.9,513.8,511.2,-66.2,-66.1,-64.4,-60.6,-52.8,-40.9,-28.4,-14.2,3.6,21.7,37.7,51.2,60.7,66.6,70.2,73.3,75.9,-52.6,-44.5,-33.0,-20.5,-9.3,18.1,30.9,43.5,54.6,60.8,4.7,3.7,2.9,2.2,-13.9,-6.0,2.0,10.4,18.0,-39.1,-31.5,-23.1,-15.6,-23.7,-32.0,21.5,30.2,38.7,45.9,38.5,30.1,-29.5,-18.9,-7.5,1.0,10.5,22.9,34.1,22.6,10.3,0.0,-9.0,-20.2,-25.5,-7.4,1.2,10.8,29.5,10.8,0.9,-7.9,-17.3,4.0,25.1,46.0,64.3,80.3,92.9,101.9,104.6,101.7,92.0,79.8,64.6,48.2,30.9,13.8,-2.9,-35.3,-45.9,-50.9,-49.9,-44.4,-42.9,-46.2,-44.9,-39.4,-29.4,-19.6,-7.3,4.5,16.6,25.4,28.0,30.8,28.6,26.3,-15.8,-19.0,-18.5,-14.6,-13.2,-13.4,-12.5,-15.4,-14.7,-10.9,-9.6,-10.1,49.7,43.4,41.4,43.4,42.1,44.9,51.3,62.8,67.7,68.6,67.6,62.3,50.4,47.7,48.7,48.0,52.0,59.2,60.3,59.4,1245.5,1246.5,1247.7,1246.5,1238.8,1228.0,1214.5,1200.7,1198.2,1203.0,1213.4,1220.1,1219.3,1217.2,1215.3,1218.5,1223.8,1204.4,1198.9,1190.5,1182.2,1176.4,1173.5,1179.1,1185.1,1191.0,1196.4,1177.9,1171.3,1164.7,1158.6,1177.8,1173.4,1169.3,1170.3,1172.7,1195.7,1191.8,1190.2,1188.9,1189.5,1190.8,1187.0,1188.0,1188.0,1190.8,1187.1,1186.6,1197.9,1182.0,1173.8,1171.9,1172.4,1179.4,1195.0,1183.4,1175.4,1173.5,1175.2,1183.2,1196.1,1176.0,1174.3,1175.0,1192.7,1177.8,1176.2,1178.1,2.516,0.078,0.111,0.027000000000000003,647.994,416.659,-31.226,23.413,8.152000000000001,4.507,3.96,-3.781,-0.688,11.202,-14.672,8.583,-19.01,-3.0839999999999996,-1.315,-0.21899999999999997,1.114,-0.843,-6.398,-3.077,-2.004,-4.38,0.925,1.618,2.7060000000000004,-4.1819999999999995,-2.5269999999999997,0.992,0.418,-0.494,-0.037000000000000005,0.319,0.106,-0.049,0.33799999999999997,-0.215,2.29,3.62,0.0,0.68,1.05,1.16,0.0,1.8,1.93,1.11,0.0,0.0,0.26,0.0,2.71,0.61,2.32,1.0,1.0,0.0,1.0,1.0,0.0,0.0,1.0,1.0,1.0,0.0,0.0,0.0,0.0,1.0,1.0,0.0,1.0
42,1.368,0.98,0.037147,0.289982,-0.956311,-0.143495,0.274714,-0.950758,-0.055999999999999994,0.28800000000000003,564.0,567.8,577.4,587.3,591.7,588.7,578.3,568.4,549.0,554.7,563.4,574.5,585.9,595.6,603.1,596.3,585.8,574.5,564.1,555.2,574.5,578.1,581.6,583.0,581.5,577.9,574.3,572.9,709.7,715.2,725.8,735.5,738.6,733.1,722.5,712.1,700.3,707.0,716.2,727.2,738.3,747.8,754.8,746.8,736.8,725.9,715.0,706.0,720.0,723.8,727.9,730.0,728.8,725.0,720.9,718.8,322.2,312.5,308.4,312.4,322.0,332.2,335.8,331.8,321.9,321.1,320.4,319.7,319.9,320.3,320.6,325.0,327.2,328.3,328.2,326.4,325.1,326.6,325.1,321.6,318.1,316.6,318.1,321.6,328.8,319.5,316.9,322.6,333.2,342.5,345.0,339.8,327.2,327.1,327.9,329.6,331.9,333.7,335.3,338.3,339.1,338.0,335.3,331.8,333.7,335.9,334.8,331.2,327.1,325.0,326.0,329.6,-32.1,-30.5,-26.4,-22.2,-20.4,-21.7,-26.1,-30.3,-38.7,-36.1,-32.4,-27.6,-22.8,-18.7,-15.6,-18.5,-22.9,-27.7,-32.1,-35.9,-27.7,-26.2,-24.7,-24.1,-24.7,-26.3,-27.8,-28.4,29.1,31.4,35.8,39.8,41.1,38.9,34.5,30.2,25.2,28.0,31.8,36.3,41.0,45.1,48.1,44.7,40.4,35.8,31.3,27.6,33.5,35.0,36.8,37.6,37.1,35.5,33.8,32.9,-16.0,-20.1,-21.8,-20.1,-16.1,-11.8,-10.3,-11.9,-16.2,-16.5,-16.7,-17.0,-16.9,-16.8,-16.7,-14.8,-13.9,-13.4,-13.4,-14.3,-14.7,-14.1,-14.7,-16.2,-17.7,-18.3,-17.7,-16.2,-13.0,-16.9,-17.9,-15.6,-11.2,-7.3,-6.3,-8.5,-13.7,-13.7,-13.4,-12.7,-11.7,-11.0,-10.4,-9.1,-8.7,-9.2,-10.3,-11.8,-11.0,-10.1,-10.5,-12.0,-13.7,-14.6,-14.2,-12.7,1268.1,1266.8,1266.0,1266.2,1267.3,1269.0,1269.5,1269.3,1275.0,1271.1,1267.9,1265.7,1265.8,1267.5,1269.4,1268.0,1266.7,1267.0,1268.8,1271.6,1269.1,1269.1,1268.9,1268.4,1268.0,1267.9,1268.1,1268.6,1253.2,1251.6,1250.5,1250.8,1252.1,1253.8,1254.8,1255.0,1255.9,1253.3,1251.1,1250.2,1251.4,1253.9,1256.9,1254.6,1252.6,1251.7,1252.3,1254.2,1254.2,1254.3,1253.9,1253.2,1252.7,1252.6,1253.1,1253.7,4.0,22.1,1202.1,0.04,0.099,0.032,482.6,483.3,487.2,496.2,514.3,542.5,570.8,604.8,649.8,695.0,734.9,767.1,790.1,804.5,813.3,821.8,829.2,513.7,532.3,559.5,590.6,619.3,689.0,721.8,752.7,779.7,795.2,654.5,652.0,650.1,648.4,607.5,627.5,647.6,669.3,688.6,547.0,565.9,584.8,603.3,584.0,565.4,696.8,717.8,737.4,755.2,736.2,716.9,569.2,595.3,623.8,645.2,669.0,699.4,726.0,697.9,667.7,642.0,619.1,591.5,579.1,623.9,645.5,669.5,715.0,668.9,644.2,622.1,316.5,367.5,418.1,468.6,512.9,553.1,585.8,611.1,619.3,611.3,585.7,554.7,517.6,477.1,434.3,392.4,352.1,269.9,242.9,228.6,229.9,242.8,246.6,240.1,244.7,259.1,283.2,310.1,340.0,369.1,399.3,420.4,427.7,435.6,429.7,423.6,323.2,318.8,319.1,322.9,327.4,327.3,328.7,327.7,330.3,336.0,337.8,335.8,481.6,467.5,463.5,468.7,465.7,472.2,486.7,517.0,530.2,532.8,529.8,515.6,483.5,479.6,482.5,480.5,488.5,507.2,510.1,507.5,-66.2,-66.0,-64.5,-60.6,-52.5,-40.4,-28.3,-14.2,3.9,22.3,38.9,52.4,61.8,67.6,71.0,74.7,78.2,-51.5,-43.7,-32.4,-19.8,-8.3,19.4,32.6,45.2,56.3,62.8,5.8,4.8,4.0,3.3,-12.9,-5.0,3.0,11.6,19.3,-37.6,-29.9,-22.2,-14.8,-22.5,-30.0,22.8,31.3,39.1,46.4,38.6,30.9,-28.6,-17.9,-6.4,2.1,11.5,23.7,34.7,23.2,11.0,0.8,-8.3,-19.4,-24.6,-6.4,2.2,11.7,30.2,11.5,1.7,-7.1,-18.3,3.2,24.5,45.7,63.9,79.9,92.3,101.6,104.9,102.2,92.5,80.2,64.8,48.1,30.5,13.3,-3.2,-36.7,-47.5,-52.9,-52.0,-46.6,-45.0,-47.8,-46.2,-40.6,-31.1,-19.9,-7.9,3.6,15.4,24.1,26.9,29.9,27.6,25.3,-14.9,-16.6,-16.5,-14.9,-13.1,-13.2,-12.6,-13.0,-11.9,-9.7,-8.9,-9.7,49.2,43.0,41.1,43.1,41.9,44.7,51.2,62.8,67.6,68.5,67.4,62.2,49.9,47.6,48.6,47.9,51.8,58.6,59.7,58.7,1262.4,1263.3,1265.0,1263.7,1253.9,1241.6,1226.4,1213.6,1213.4,1219.3,1230.4,1236.5,1234.7,1231.8,1229.4,1232.9,1239.1,1222.1,1216.9,1208.1,1200.0,1193.3,1189.9,1196.7,1203.0,1208.8,1213.9,1195.4,1189.3,1183.3,1177.8,1195.1,1191.4,1187.7,1188.7,1191.0,1212.0,1208.5,1207.5,1206.3,1206.5,1207.2,1204.1,1205.3,1205.3,1207.8,1204.5,1204.0,1213.4,1198.7,1191.2,1189.4,1189.8,1196.1,1211.4,1199.5,1192.0,1189.7,1191.2,1198.9,1211.8,1193.2,1191.8,1192.3,1209.1,1194.3,1192.4,1194.2,2.481,0.064,0.111,0.032,650.1709999999999,415.10699999999997,-36.025999999999996,25.149,4.399,0.767,4.604,-5.649,-1.4409999999999998,10.959000000000001,-16.211,7.879,-24.28,-7.117999999999999,-2.8930000000000002,-1.0170000000000001,0.304,-1.1909999999999998,-9.325,-5.279,-5.063,-7.12,2.9560000000000004,0.071,4.725,-5.568,-4.273,3.409,1.093,-1.266,-0.040999999999999995,-0.063,0.114,0.022000000000000002,0.253,0.046,2.06,3.7,0.0,0.35,0.8,0.7,0.0,1.68,1.87,1.08,0.0,0.0,0.29,0.0,2.72,0.75,3.53,1.0,1.0,0.0,0.0,1.0,0.0,0.0,1.0,1.0,1.0,1.0,0.0,0.0,1.0,1.0,1.0,0.0,1.0
43,1.401,0.98,-0.007947,0.366423,-0.930415,-0.295937,0.368622,-0.881215,-0.166,0.385,562.9,568.1,579.0,589.4,593.0,588.6,576.9,566.6,552.8,559.7,567.2,575.5,585.1,595.2,603.6,596.3,585.7,574.6,565.2,557.7,574.1,578.0,582.1,584.0,582.6,578.7,574.6,572.7,706.5,711.4,721.7,731.3,734.7,729.8,719.5,709.3,700.9,708.2,717.3,727.8,738.5,748.0,756.4,748.2,738.1,727.1,715.9,706.5,717.1,720.7,724.6,726.5,725.2,721.6,717.7,715.9,325.6,316.0,311.6,315.0,324.3,335.0,338.4,334.9,325.0,324.2,323.7,323.7,323.1,323.1,323.1,325.5,325.1,325.2,325.7,326.0,329.9,331.2,329.5,325.8,322.3,321.1,322.7,326.4,332.8,323.2,320.5,326.3,337.1,346.7,349.3,344.0,328.9,330.9,332.6,333.7,334.5,334.5,333.9,338.3,340.4,340.3,338.3,334.8,337.7,339.9,338.9,335.3,331.2,329.0,330.0,333.6,-34.6,-32.3,-27.4,-22.7,-21.1,-23.0,-28.2,-32.9,-39.3,-36.1,-32.6,-28.9,-24.6,-20.1,-16.3,-19.6,-24.3,-29.2,-33.5,-37.0,-29.6,-27.8,-26.0,-25.1,-25.8,-27.5,-29.4,-30.2,28.3,30.4,34.7,38.8,40.3,38.2,33.9,29.6,26.0,29.1,32.9,37.3,41.9,46.0,49.7,46.1,41.7,37.0,32.3,28.3,32.9,34.4,36.0,36.8,36.3,34.7,33.1,32.3,-15.4,-19.8,-21.8,-20.2,-16.0,-11.2,-9.7,-11.2,-15.8,-16.1,-16.3,-16.3,-16.5,-16.5,-16.5,-15.4,-15.6,-15.6,-15.4,-15.3,-13.5,-12.9,-13.7,-15.3,-16.9,-17.5,-16.7,-15.1,-11.6,-15.7,-16.8,-14.3,-9.7,-5.7,-4.5,-6.8,-13.3,-12.4,-11.6,-11.2,-10.8,-10.9,-11.1,-9.2,-8.3,-8.3,-9.2,-10.7,-9.5,-8.6,-9.0,-10.5,-12.2,-13.2,-12.8,-11.3,1346.7,1348.9,1349.0,1347.0,1344.1,1341.9,1341.8,1343.8,1351.1,1347.9,1345.3,1343.8,1343.4,1344.0,1345.4,1343.0,1341.6,1341.8,1344.0,1347.5,1345.6,1344.8,1344.8,1345.7,1346.8,1347.5,1347.5,1346.7,1278.5,1276.7,1275.0,1274.5,1275.4,1277.2,1278.9,1279.8,1279.2,1277.1,1275.2,1274.5,1275.3,1277.0,1279.6,1277.0,1275.1,1274.3,1275.1,1277.3,1278.7,1278.5,1277.9,1277.1,1276.8,1277.0,1277.7,1278.4,4.3,21.8,1203.7,0.034,0.106,0.034,484.8,485.1,488.7,498.2,516.9,545.5,572.6,605.1,649.2,694.0,734.0,766.6,789.5,804.2,813.4,822.7,831.4,516.2,534.2,561.3,592.6,621.2,690.3,723.1,753.8,780.6,795.7,655.8,653.0,650.9,649.0,608.1,628.2,648.4,670.1,689.5,548.8,567.6,585.6,604.1,585.1,567.5,698.1,719.3,738.1,755.7,736.5,717.9,571.4,596.6,624.6,645.6,669.0,698.6,724.4,697.0,667.6,642.3,619.7,592.7,581.3,624.8,646.0,669.5,713.3,669.0,644.7,622.8,314.3,366.3,418.0,469.3,514.5,554.9,587.6,612.9,621.5,613.3,586.7,554.6,516.4,475.0,431.9,390.3,351.0,268.9,240.4,225.0,226.3,239.4,243.2,237.2,241.8,256.4,280.8,309.3,338.0,365.7,394.9,417.3,424.4,432.1,426.4,420.4,324.1,322.0,322.0,323.0,327.7,327.7,329.1,331.2,334.0,337.6,338.9,336.7,481.6,466.0,461.2,466.4,463.6,470.8,486.8,516.7,529.8,532.4,529.6,515.6,483.4,477.8,480.7,479.1,488.4,506.4,509.2,506.9,-65.4,-65.3,-63.9,-59.8,-51.5,-39.1,-27.6,-14.1,3.7,22.0,38.6,52.2,61.5,67.4,71.1,75.1,79.1,-50.5,-43.0,-31.7,-19.0,-7.5,20.0,33.2,45.7,56.7,63.1,6.3,5.2,4.3,3.5,-12.7,-4.7,3.3,11.9,19.7,-36.9,-29.2,-21.9,-14.5,-22.1,-29.2,23.4,31.9,39.4,46.6,38.8,31.3,-27.7,-17.3,-6.1,2.2,11.5,23.4,34.1,22.8,11.0,0.9,-8.1,-18.9,-23.7,-6.1,2.4,11.7,29.6,11.6,1.9,-6.8,-19.3,2.7,24.5,46.1,64.6,80.7,93.1,102.5,106.0,103.2,93.1,80.3,64.4,47.2,29.5,12.5,-3.7,-37.2,-48.6,-54.5,-53.6,-48.1,-46.4,-49.0,-47.4,-41.8,-32.1,-20.2,-8.7,2.3,13.7,22.9,25.6,28.6,26.3,24.0,-14.5,-15.3,-15.3,-14.9,-13.0,-13.0,-12.4,-11.6,-10.4,-9.0,-8.5,-9.3,49.2,42.4,40.2,42.2,41.1,44.2,51.2,62.7,67.6,68.5,67.4,62.2,49.8,46.9,48.0,47.4,51.8,58.4,59.4,58.5,1263.8,1264.8,1266.9,1265.6,1255.2,1242.5,1227.6,1215.9,1216.5,1222.4,1232.3,1237.6,1234.7,1231.2,1229.0,1233.1,1240.0,1224.7,1219.7,1210.5,1202.4,1195.5,1191.1,1197.9,1204.4,1210.5,1215.6,1197.6,1191.5,1185.5,1180.0,1196.9,1193.3,1189.5,1190.6,1193.1,1214.3,1210.6,1209.6,1208.2,1208.7,1209.4,1205.6,1206.9,1206.7,1209.1,1206.1,1205.6,1213.9,1199.5,1192.2,1190.4,1190.9,1196.9,1212.3,1200.8,1193.8,1191.3,1192.6,1199.8,1212.2,1194.4,1193.1,1193.7,1209.9,1195.8,1193.9,1195.5,2.478,0.057,0.12,0.033,651.023,414.309,-38.451,26.064,3.4139999999999997,3.0060000000000002,4.739,-9.742,-0.927,8.921,-18.961,5.037,-26.023000000000003,-7.749,-3.865,-1.6909999999999998,-0.002,-2.78,-12.22,-6.481,-6.489,-7.795,4.239,-0.767,6.159,-7.0329999999999995,-4.314,2.872,1.3319999999999999,-0.621,-0.47600000000000003,0.508,0.21600000000000003,-0.153,0.16899999999999998,-0.017,1.86,3.86,0.0,0.05,0.41,0.28,0.0,1.45,1.74,1.08,0.0,0.0,0.48,0.0,2.66,0.91,4.59,1.0,1.0,0.0,0.0,0.0,0.0,0.0,1.0,1.0,1.0,1.0,0.0,0.0,1.0,1.0,1.0,0.0,1.0
44,1.435,0.98,-0.031514,0.36891599999999997,-0.9289280000000001,-0.282862,0.35743,-0.890075,-0.171,0.38,562.9,568.3,579.1,588.9,592.1,587.5,575.9,566.1,553.7,560.1,567.2,575.3,584.8,595.0,603.7,596.0,585.2,574.2,565.1,558.1,573.8,577.5,581.5,583.5,582.3,578.7,574.6,572.6,706.5,711.9,722.3,731.6,734.5,729.1,718.7,708.6,700.0,708.1,717.8,727.9,737.6,746.3,753.8,746.6,737.3,726.8,715.9,706.0,716.6,720.0,723.8,725.8,724.8,721.4,717.6,715.6,324.3,314.3,309.8,313.4,323.0,334.0,337.5,333.9,323.5,322.9,322.4,322.3,321.9,321.9,321.8,324.2,323.9,324.0,324.4,324.6,328.6,329.9,328.2,324.4,320.8,319.5,321.2,325.0,331.7,322.2,319.4,325.0,335.7,345.3,348.0,342.9,328.2,330.4,332.0,333.0,333.8,334.1,333.6,337.6,339.0,338.5,336.6,333.7,336.6,338.7,337.7,334.3,330.4,328.3,329.3,332.7,-34.6,-32.2,-27.4,-22.9,-21.5,-23.5,-28.7,-33.1,-38.9,-35.9,-32.7,-29.0,-24.7,-20.2,-16.3,-19.7,-24.5,-29.4,-33.5,-36.8,-29.7,-28.0,-26.2,-25.3,-25.9,-27.6,-29.4,-30.3,29.1,31.5,36.0,40.1,41.4,39.0,34.5,30.1,26.3,29.8,34.0,38.4,42.8,46.7,50.0,46.8,42.6,37.9,33.2,28.9,33.6,35.1,36.7,37.6,37.1,35.6,34.0,33.1,-16.0,-20.5,-22.6,-20.9,-16.6,-11.6,-10.1,-11.7,-16.4,-16.7,-16.8,-16.9,-17.1,-17.1,-17.1,-16.0,-16.1,-16.1,-16.0,-15.9,-14.1,-13.5,-14.3,-16.0,-17.6,-18.2,-17.4,-15.7,-12.4,-16.6,-17.8,-15.3,-10.6,-6.5,-5.3,-7.5,-13.9,-12.9,-12.2,-11.8,-11.5,-11.4,-11.6,-9.8,-9.2,-9.4,-10.2,-11.5,-10.2,-9.3,-9.8,-11.3,-13.0,-13.9,-13.5,-12.0,1347.5,1349.1,1348.6,1346.3,1343.5,1341.9,1342.4,1344.7,1352.2,1348.6,1345.7,1343.9,1343.1,1343.3,1344.4,1342.4,1341.4,1342.0,1344.5,1348.3,1346.0,1345.1,1344.9,1345.5,1346.6,1347.4,1347.6,1347.0,1314.4,1313.5,1312.8,1312.7,1313.3,1314.2,1314.9,1315.3,1315.3,1313.5,1312.1,1312.1,1313.6,1316.0,1319.3,1315.7,1313.0,1311.5,1311.7,1313.4,1315.1,1315.1,1314.8,1314.4,1314.2,1314.3,1314.6,1314.9,3.9,21.6,1204.6,0.023,0.11800000000000001,0.038,486.3,486.4,490.0,499.4,517.5,544.9,570.0,601.5,645.4,690.7,731.5,765.1,788.4,803.3,813.0,822.7,832.0,517.4,535.4,562.3,593.4,621.4,689.0,722.2,753.1,780.2,795.6,655.0,652.0,649.6,647.4,607.1,626.8,646.8,668.7,688.3,549.2,567.7,585.5,603.7,584.9,567.5,697.7,718.5,737.1,754.6,735.5,717.0,572.2,597.0,624.3,644.2,666.2,695.3,721.2,693.4,664.4,640.5,619.1,592.7,582.1,624.4,644.5,666.6,710.0,665.9,642.9,622.2,314.3,366.5,418.4,469.6,514.6,555.1,588.1,614.0,623.2,615.5,589.1,555.9,516.4,473.8,430.1,388.3,349.0,266.5,238.1,222.9,224.6,237.8,242.0,236.2,240.7,255.1,279.6,307.7,336.3,363.9,392.9,415.7,423.0,430.8,425.1,419.1,322.7,320.8,320.9,321.3,326.3,326.3,327.7,330.5,333.5,336.9,338.1,335.7,483.1,466.7,461.3,466.4,463.8,471.6,488.5,517.3,529.2,531.3,528.6,515.6,484.8,478.2,480.9,479.6,490.0,505.7,508.2,505.9,-64.8,-64.8,-63.4,-59.3,-51.2,-39.4,-28.7,-15.6,2.2,20.6,37.5,51.6,61.0,67.0,70.8,75.0,79.3,-50.1,-42.6,-31.4,-18.7,-7.4,19.5,32.9,45.4,56.6,63.1,6.0,4.8,3.8,2.9,-13.2,-5.2,2.7,11.4,19.2,-36.8,-29.2,-22.0,-14.6,-22.2,-29.3,23.2,31.6,39.1,46.2,38.4,31.0,-27.4,-17.2,-6.2,1.7,10.4,22.1,32.8,21.3,9.7,0.2,-8.3,-18.9,-23.4,-6.2,1.8,10.6,28.2,10.3,1.2,-7.1,-19.3,2.7,24.7,46.2,64.7,80.8,93.4,103.0,106.8,104.1,94.0,80.7,64.3,46.7,28.7,11.6,-4.5,-38.2,-49.6,-55.4,-54.3,-48.8,-46.9,-49.5,-47.9,-42.3,-32.6,-20.9,-9.4,1.5,13.0,22.3,25.1,28.1,25.8,23.5,-15.1,-15.8,-15.8,-15.6,-13.6,-13.6,-13.0,-11.9,-10.7,-9.3,-8.8,-9.8,49.8,42.7,40.3,42.3,41.2,44.5,51.9,62.9,67.3,68.0,67.1,62.2,50.4,47.1,48.1,47.6,52.4,58.1,59.0,58.2,1264.5,1265.4,1267.1,1265.7,1255.2,1242.6,1228.5,1216.9,1216.9,1222.1,1231.4,1236.7,1233.8,1230.1,1228.1,1232.1,1238.8,1226.3,1221.5,1212.2,1204.3,1197.6,1192.7,1199.3,1205.4,1211.3,1216.0,1199.0,1193.0,1187.1,1181.6,1198.0,1194.3,1190.5,1191.6,1194.1,1216.1,1212.4,1211.3,1209.7,1210.4,1211.1,1206.6,1207.6,1207.4,1209.6,1206.7,1206.3,1214.6,1200.4,1193.1,1191.3,1191.7,1197.4,1212.5,1200.5,1193.8,1191.5,1192.8,1200.0,1212.6,1195.2,1193.8,1194.3,1210.1,1195.9,1194.0,1195.6,2.476,0.047,0.132,0.037000000000000005,650.114,413.785,-42.00899999999999,25.031999999999996,0.426,5.189,3.7110000000000003,-10.187000000000001,-1.127,6.754,-18.71,4.151,-25.944000000000003,-6.586,-5.709,-2.772,0.345,-3.29,-11.614,-7.841,-6.019,-7.376,4.4319999999999995,-0.98,6.917999999999999,-7.345,-4.522,3.553,1.2409999999999999,-0.20800000000000002,-0.5379999999999999,0.626,0.17600000000000002,-0.139,0.132,-0.075,1.83,3.92,0.0,0.0,0.15,0.0,0.0,1.3,1.58,0.91,0.08,0.0,0.48,0.0,2.55,0.95,4.94,1.0,1.0,0.0,0.0,0.0,0.0,0.0,1.0,1.0,1.0,1.0,0.0,0.0,1.0,1.0,1.0,0.0,1.0
45,1.4680000000000002,0.98,0.013197,0.339845,-0.9403889999999999,-0.23614000000000002,0.34124099999999996,-0.909831,-0.12,0.353,560.4,566.0,577.9,589.2,593.3,588.6,575.8,564.5,549.1,556.8,564.7,573.5,583.6,594.3,603.4,595.2,583.4,571.5,561.6,553.9,572.0,576.8,581.8,584.2,582.5,577.7,572.6,570.3,706.9,712.7,723.7,733.4,736.2,730.4,719.4,708.9,699.2,706.9,716.6,727.1,736.9,745.4,752.6,746.1,737.2,727.0,715.7,705.4,716.8,720.7,725.1,727.4,726.3,722.4,718.0,715.7,321.7,312.1,307.6,310.8,319.8,330.5,333.9,330.7,321.1,319.9,319.4,319.6,319.1,318.7,318.3,321.7,321.5,321.8,322.3,322.6,326.5,327.8,325.9,321.8,318.0,316.7,318.6,322.6,329.8,320.0,317.2,323.0,334.1,344.0,346.8,341.7,327.1,328.1,329.0,330.0,331.6,333.4,335.3,337.5,337.5,336.3,334.3,332.0,335.9,338.2,337.1,333.2,328.8,326.4,327.5,331.5,-32.7,-30.5,-25.6,-20.9,-19.2,-21.1,-26.3,-31.0,-37.5,-34.2,-30.9,-27.3,-23.1,-18.7,-15.0,-18.4,-23.2,-28.1,-32.1,-35.4,-27.9,-25.9,-23.9,-22.9,-23.7,-25.6,-27.7,-28.7,28.6,31.1,35.8,40.0,41.2,38.7,34.0,29.5,25.3,28.6,32.7,37.2,41.5,45.2,48.4,45.5,41.6,37.1,32.4,28.0,32.9,34.6,36.4,37.4,37.0,35.3,33.4,32.4,-15.7,-19.7,-21.6,-20.3,-16.5,-12.1,-10.7,-12.0,-16.0,-16.5,-16.7,-16.6,-16.8,-16.9,-17.1,-15.7,-15.8,-15.7,-15.4,-15.4,-13.8,-13.2,-14.0,-15.7,-17.3,-17.8,-17.0,-15.4,-12.9,-17.1,-18.4,-15.8,-11.1,-6.9,-5.7,-7.8,-14.1,-13.6,-13.3,-12.8,-12.1,-11.4,-10.6,-9.6,-9.6,-10.1,-11.0,-12.0,-10.3,-9.3,-9.8,-11.5,-13.4,-14.4,-13.9,-12.2,1232.9,1235.6,1236.1,1234.0,1230.6,1227.9,1227.5,1229.5,1238.0,1234.7,1232.2,1230.7,1230.2,1230.7,1232.0,1229.2,1227.7,1228.0,1230.3,1233.9,1231.5,1230.6,1230.8,1232.0,1233.4,1234.3,1234.1,1232.9,1284.0,1284.6,1284.8,1284.4,1283.8,1283.2,1283.0,1283.6,1285.6,1283.9,1282.6,1282.5,1283.9,1286.3,1289.4,1285.9,1283.1,1281.5,1281.6,1283.4,1284.6,1284.4,1284.5,1284.7,1285.0,1285.1,1285.1,1284.8,3.3,21.2,1199.2,0.021,0.127,0.042,486.8,486.8,490.5,499.8,517.3,544.0,568.6,599.3,642.6,687.9,728.8,763.0,786.9,802.4,812.5,822.4,831.8,516.2,533.7,560.7,591.9,620.1,688.4,721.9,753.1,780.3,795.2,653.5,650.1,647.3,644.8,604.8,624.3,644.2,666.3,686.0,546.9,565.4,583.6,601.7,582.8,564.9,697.0,717.9,736.8,754.3,735.3,716.4,571.8,595.8,622.3,641.7,663.4,692.0,717.7,689.9,661.2,637.6,616.7,591.4,581.6,622.2,641.9,663.7,706.4,662.9,640.3,620.1,311.4,364.3,416.9,468.3,514.1,554.8,587.7,613.2,622.3,615.1,589.0,556.1,516.6,473.8,430.1,388.3,348.9,267.3,238.1,222.3,223.7,236.7,241.1,235.9,240.7,255.8,281.1,306.2,335.2,363.2,392.6,415.3,422.8,430.6,424.8,418.7,320.6,317.6,317.7,319.2,324.3,324.3,326.4,328.1,331.1,335.6,336.9,334.4,483.6,466.9,461.2,466.5,464.0,472.2,489.8,516.3,527.2,529.0,526.2,513.9,485.1,478.2,481.0,480.0,490.9,504.1,506.3,503.9,-64.3,-64.4,-62.9,-58.9,-51.1,-39.6,-29.1,-16.5,1.0,19.4,36.3,50.5,60.2,66.3,70.4,74.6,78.9,-50.4,-43.1,-31.9,-19.2,-7.9,19.2,32.6,45.2,56.4,62.6,5.4,4.0,2.9,1.9,-14.0,-6.2,1.7,10.4,18.2,-37.6,-30.0,-22.7,-15.4,-23.0,-30.2,22.8,31.2,38.8,45.8,38.1,30.6,-27.5,-17.6,-7.0,0.7,9.2,20.7,31.2,19.9,8.4,-0.9,-9.2,-19.3,-23.5,-7.1,0.8,9.4,26.6,9.1,0.1,-7.9,-20.4,1.8,23.9,45.5,64.3,80.4,92.9,102.3,106.0,103.5,93.6,80.5,64.1,46.5,28.6,11.6,-4.6,-37.8,-49.5,-55.4,-54.5,-49.0,-47.1,-49.4,-47.7,-41.9,-31.9,-21.4,-9.8,1.3,12.8,22.0,24.9,27.9,25.6,23.3,-15.9,-17.1,-17.0,-16.4,-14.3,-14.3,-13.4,-12.8,-11.6,-9.8,-9.2,-10.2,49.8,42.6,40.1,42.1,41.1,44.6,52.2,62.3,66.2,66.8,65.8,61.3,50.3,46.9,47.9,47.5,52.5,57.2,58.0,57.1,1260.3,1261.1,1262.9,1261.2,1250.8,1238.3,1224.5,1212.8,1212.0,1216.8,1226.0,1231.6,1229.1,1225.5,1223.5,1227.2,1233.5,1222.3,1217.4,1208.1,1199.9,1193.0,1188.3,1194.5,1200.2,1205.7,1210.4,1193.7,1187.6,1181.5,1175.9,1192.8,1188.9,1184.8,1185.7,1188.0,1211.4,1207.6,1206.2,1204.3,1205.3,1206.3,1201.0,1202.0,1201.6,1203.8,1200.9,1200.6,1208.8,1194.9,1187.8,1185.9,1186.2,1191.8,1206.4,1194.7,1188.1,1186.0,1187.4,1194.5,1206.6,1189.7,1188.3,1188.7,1203.9,1190.2,1188.5,1190.2,2.487,0.044000000000000004,0.142,0.042,648.499,413.022,-38.546,24.563000000000002,-1.245,7.27,3.525,-9.09,-0.8270000000000001,5.814,-17.422,3.035,-25.596999999999998,-4.921,-3.4339999999999997,-2.5660000000000003,0.48200000000000004,-3.3310000000000004,-11.413,-7.388999999999999,-5.218999999999999,-6.617999999999999,4.297,-0.244,7.032,-7.33,-4.032,2.8560000000000003,1.003,0.491,-0.48200000000000004,-0.19,0.397,-0.09699999999999999,0.248,0.057999999999999996,1.85,3.82,0.0,0.0,0.12,0.09,0.0,1.37,1.37,0.89,0.23,0.07,0.43,0.0,2.3,0.92,4.72,1.0,1.0,0.0,0.0,0.0,0.0,0.0,1.0,1.0,1.0,1.0,0.0,0.0,1.0,1.0,1.0,0.0,1.0
46,1.5019999999999998,0.98,0.004277,0.315011,-0.9490780000000001,-0.19329100000000002,0.291848,-0.93673,-0.1,0.311,561.8,566.2,576.4,586.2,590.0,586.2,575.4,565.6,544.2,552.2,562.4,574.1,585.2,593.9,600.5,594.4,585.1,574.0,562.7,552.5,571.4,575.4,579.6,581.4,579.9,575.8,571.7,569.8,707.8,714.1,726.4,737.5,740.9,734.6,722.3,710.3,698.2,707.4,718.3,728.8,738.6,748.0,757.0,749.6,739.6,728.3,716.3,704.9,718.7,723.3,728.5,731.1,729.7,725.1,719.9,717.3,317.4,308.1,304.0,307.5,316.6,326.2,330.0,326.5,313.9,314.7,315.0,314.9,314.8,314.4,314.1,318.4,320.8,321.9,321.5,319.0,320.0,321.5,319.8,316.0,312.3,310.8,312.5,316.3,326.1,317.2,314.9,320.5,330.7,339.6,342.0,337.4,324.0,324.9,325.5,326.8,328.4,331.1,334.6,335.6,334.4,332.5,330.5,329.0,333.1,335.5,334.5,330.8,326.5,324.2,325.2,328.9,-32.9,-31.0,-26.7,-22.6,-21.1,-22.7,-27.2,-31.4,-40.4,-37.0,-32.6,-27.7,-23.0,-19.4,-16.7,-19.2,-23.1,-27.8,-32.5,-36.9,-28.9,-27.2,-25.5,-24.7,-25.3,-27.0,-28.7,-29.5,26.3,28.8,33.6,37.9,39.1,36.6,31.8,27.2,22.6,26.1,30.3,34.4,38.2,41.9,45.5,42.5,38.5,34.1,29.5,25.1,30.5,32.3,34.3,35.3,34.8,33.0,31.0,30.0,-17.9,-21.8,-23.5,-22.1,-18.3,-14.2,-12.7,-14.1,-19.5,-19.1,-18.9,-19.0,-19.0,-19.2,-19.4,-17.6,-16.5,-16.0,-16.2,-17.3,-16.8,-16.2,-16.9,-18.5,-20.1,-20.7,-20.0,-18.4,-13.1,-16.6,-17.6,-15.4,-11.3,-7.9,-7.0,-8.7,-14.0,-13.6,-13.4,-12.9,-12.2,-11.2,-9.9,-9.4,-9.9,-10.6,-11.4,-12.0,-10.4,-9.5,-9.9,-11.3,-13.0,-13.9,-13.5,-12.1,1262.0,1260.1,1259.8,1261.2,1263.4,1265.7,1265.6,1264.2,1266.6,1263.4,1261.1,1260.0,1261.2,1263.7,1266.4,1264.5,1262.3,1261.6,1262.2,1264.0,1264.1,1264.6,1264.5,1263.8,1262.8,1262.3,1262.4,1263.1,1162.9,1165.6,1166.6,1165.4,1162.6,1159.9,1158.9,1160.2,1165.0,1163.0,1161.7,1161.6,1162.6,1164.6,1167.4,1163.3,1160.2,1158.8,1159.3,1161.6,1162.4,1161.8,1162.3,1163.4,1164.6,1165.1,1164.7,1163.5,3.0,20.6,1186.7,0.015,0.12,0.049,488.5,488.1,491.5,500.1,516.3,541.1,565.8,596.5,640.4,686.6,727.7,762.0,786.3,802.1,812.8,823.0,831.9,515.8,534.0,561.3,592.0,619.7,688.4,721.8,753.0,780.2,795.9,653.3,649.5,646.2,643.3,603.0,622.6,643.0,665.3,685.2,545.5,564.0,582.9,601.8,582.1,563.4,697.4,719.3,739.0,756.9,737.5,717.8,570.8,595.0,621.4,640.7,662.4,690.6,716.0,688.4,660.0,636.4,615.7,590.7,580.4,621.2,640.8,662.7,704.7,661.7,639.1,619.1,312.4,364.7,416.4,467.2,512.6,553.1,585.7,610.7,619.8,613.4,588.7,556.8,517.7,475.0,431.3,389.3,349.7,264.3,236.6,222.1,223.8,236.7,241.4,236.9,241.6,256.4,281.3,304.3,334.5,363.7,394.2,415.4,423.1,431.0,425.6,419.6,316.8,312.7,313.2,316.7,321.4,321.3,324.5,324.4,327.5,333.3,334.9,332.3,483.7,467.3,461.4,466.8,464.1,472.7,490.1,514.7,525.0,526.7,524.0,512.4,485.2,478.0,480.7,479.7,491.1,502.4,504.4,502.0,-63.1,-63.3,-61.9,-58.3,-51.1,-40.5,-30.0,-17.4,0.2,18.7,35.5,49.7,59.5,65.8,70.0,74.4,78.4,-50.1,-42.6,-31.4,-19.0,-8.0,19.0,32.2,44.8,55.8,62.3,5.2,3.7,2.4,1.3,-14.6,-6.8,1.2,9.9,17.7,-37.8,-30.3,-22.7,-15.2,-23.0,-30.5,22.8,31.5,39.3,46.5,38.7,30.8,-27.6,-17.7,-7.3,0.3,8.8,19.9,30.3,19.1,7.8,-1.4,-9.5,-19.4,-23.7,-7.4,0.3,8.9,25.7,8.5,-0.3,-8.2,-19.8,1.9,23.5,44.6,63.1,79.1,91.3,100.4,103.9,101.7,92.6,80.2,64.2,46.7,28.9,11.9,-4.2,-38.6,-49.6,-55.0,-53.9,-48.5,-46.5,-48.5,-46.9,-41.2,-31.4,-22.0,-10.0,1.4,13.2,21.8,24.7,27.7,25.6,23.3,-17.3,-18.9,-18.6,-17.2,-15.4,-15.4,-14.1,-14.1,-12.9,-10.6,-10.0,-11.0,49.3,42.3,39.7,41.8,40.7,44.3,51.8,60.9,64.6,65.2,64.2,60.0,49.8,46.3,47.3,46.9,52.1,55.8,56.6,55.7,1249.0,1249.5,1250.7,1249.1,1240.1,1228.3,1214.0,1201.0,1199.2,1204.3,1214.8,1221.7,1220.7,1217.7,1215.7,1219.1,1225.4,1211.3,1205.8,1196.4,1187.8,1180.4,1176.5,1182.9,1188.7,1194.2,1198.9,1181.7,1174.8,1167.9,1161.6,1179.8,1175.5,1171.3,1172.4,1174.9,1200.9,1196.6,1194.8,1192.8,1194.0,1195.3,1189.6,1190.7,1190.5,1193.1,1189.7,1189.3,1196.2,1182.1,1175.0,1173.1,1173.5,1179.5,1193.9,1181.6,1174.5,1172.5,1174.0,1181.3,1193.9,1177.0,1175.4,1175.9,1191.3,1176.8,1175.2,1177.0,2.512,0.039,0.133,0.048,647.932,412.186,-28.351,22.01,-1.367,11.382,2.435,-5.978,-1.601,7.1339999999999995,-17.125999999999998,4.109,-21.379,-4.145,-2.063,-2.461,0.474,-4.126,-8.722999999999999,-6.691,-5.013,-5.919,4.465,1.3319999999999999,5.435,-7.345,-4.251,2.8160000000000003,1.7180000000000002,0.23800000000000002,-0.493,-0.11800000000000001,0.723,-0.262,0.557,0.28300000000000003,1.97,3.66,0.0,0.06,0.29,0.43,0.0,1.42,1.31,0.86,0.42,0.11,0.24,0.02,2.13,0.8,4.25,1.0,1.0,0.0,0.0,0.0,0.0,0.0,1.0,1.0,1.0,1.0,0.0,0.0,1.0,1.0,1.0,0.0,1.0
47,1.535,0.98,0.030943000000000002,0.252675,-0.9670559999999999,-0.152893,0.296441,-0.942733,-0.064,0.28,564.5,569.0,579.3,589.2,593.0,589.2,578.2,568.3,550.4,557.1,565.4,574.8,584.9,595.0,603.6,596.3,585.5,574.4,564.0,555.6,574.9,578.8,582.8,584.6,583.1,579.2,575.2,573.4,711.8,716.6,726.8,736.4,739.8,734.9,724.7,714.6,702.5,708.9,717.3,727.8,739.2,749.5,757.5,748.0,737.2,725.9,715.8,707.7,721.8,725.9,730.2,732.2,730.8,726.7,722.4,720.4,313.0,303.2,299.0,302.9,312.6,323.3,326.6,322.7,314.8,312.8,311.0,310.6,311.5,313.1,313.8,317.1,317.1,317.3,317.6,317.1,317.4,318.9,317.3,313.5,309.7,308.2,309.8,313.6,324.0,315.4,313.2,318.9,329.1,337.7,339.9,334.4,321.3,321.6,322.7,324.8,327.2,329.3,330.6,333.3,333.7,331.9,328.9,325.5,329.0,331.4,330.5,326.8,322.5,320.2,321.0,324.7,-32.3,-30.4,-26.0,-21.7,-20.1,-21.7,-26.4,-30.6,-38.5,-35.6,-31.9,-27.9,-23.5,-19.2,-15.6,-18.6,-23.2,-28.0,-32.5,-36.2,-27.8,-26.2,-24.4,-23.7,-24.4,-26.0,-27.7,-28.5,30.1,32.0,36.2,40.2,41.7,39.8,35.5,31.3,26.3,28.8,32.3,36.7,41.4,45.8,49.3,45.2,40.6,35.9,31.7,28.4,34.3,36.0,37.8,38.6,38.0,36.3,34.5,33.7,-20.1,-24.3,-26.1,-24.4,-20.2,-15.6,-14.2,-15.9,-19.4,-20.2,-20.9,-21.1,-20.7,-20.0,-19.7,-18.3,-18.3,-18.2,-18.1,-18.4,-18.2,-17.6,-18.3,-19.9,-21.5,-22.2,-21.5,-19.8,-15.1,-18.7,-19.5,-17.1,-12.9,-9.3,-8.4,-10.7,-16.2,-16.1,-15.6,-14.7,-13.7,-12.9,-12.3,-11.2,-11.0,-11.7,-13.0,-14.5,-13.0,-12.0,-12.4,-13.9,-15.7,-16.7,-16.3,-14.8,1282.8,1284.1,1284.2,1283.0,1281.3,1280.2,1280.0,1281.1,1289.6,1286.0,1283.1,1281.2,1280.8,1281.6,1283.0,1280.8,1279.5,1279.8,1281.7,1285.2,1282.5,1282.0,1282.1,1282.6,1283.2,1283.7,1283.6,1283.1,1256.6,1254.2,1252.5,1252.4,1254.1,1256.5,1258.2,1258.7,1259.9,1256.6,1253.8,1252.3,1253.1,1255.4,1258.2,1256.0,1254.5,1254.2,1255.4,1257.7,1257.3,1257.3,1256.6,1255.6,1254.9,1254.9,1255.6,1256.6,3.3,20.5,1192.1,0.021,0.126,0.053,489.2,488.8,492.0,500.0,515.7,540.3,565.2,596.7,640.8,687.1,728.2,762.5,787.0,803.2,814.1,824.1,832.9,518.1,535.8,562.8,593.2,620.6,690.1,723.6,754.5,781.4,796.5,654.3,650.3,646.9,643.9,603.7,623.1,643.3,665.7,685.6,548.1,566.3,585.0,603.1,584.0,565.6,698.5,719.3,738.7,756.0,737.1,718.0,571.4,595.6,621.8,641.1,663.0,691.2,716.3,688.9,660.5,636.8,616.1,591.3,581.0,621.6,641.2,663.2,705.2,662.2,639.5,619.5,312.4,363.7,414.5,464.8,510.0,551.1,584.2,609.6,618.7,611.9,587.2,555.8,517.6,475.9,432.4,390.2,350.2,263.5,236.4,222.4,224.5,237.4,242.6,238.0,242.7,257.7,282.4,304.1,334.8,364.7,395.6,415.1,423.2,431.4,425.8,419.7,314.5,310.0,310.6,314.7,319.1,318.8,322.5,321.9,325.1,331.3,332.6,330.0,483.1,467.0,461.7,467.1,464.5,472.6,489.8,513.9,523.8,525.4,522.5,511.0,484.5,477.7,480.5,479.4,490.8,501.8,503.9,501.3,-63.0,-63.2,-62.0,-58.5,-51.6,-41.0,-30.4,-17.4,0.3,19.0,35.8,50.0,60.0,66.5,70.8,75.0,79.0,-49.4,-42.0,-30.9,-18.6,-7.7,19.7,33.1,45.5,56.5,62.8,5.6,4.1,2.7,1.5,-14.3,-6.6,1.3,10.1,18.0,-36.9,-29.5,-22.0,-14.7,-22.4,-29.8,23.3,31.6,39.3,46.3,38.7,31.0,-27.5,-17.6,-7.2,0.4,9.0,20.2,30.5,19.4,8.1,-1.2,-9.4,-19.3,-23.6,-7.3,0.5,9.2,26.0,8.8,-0.2,-8.1,-19.9,1.6,22.8,43.8,62.3,78.5,91.1,100.3,103.7,101.5,92.3,80.0,64.3,47.2,29.4,12.3,-4.0,-39.1,-49.8,-55.1,-53.8,-48.4,-46.3,-48.3,-46.6,-40.9,-31.1,-22.1,-9.9,1.8,13.9,21.8,24.9,28.0,25.8,23.5,-18.3,-20.0,-19.8,-18.1,-16.3,-16.5,-14.9,-15.2,-13.9,-11.4,-10.9,-11.9,49.3,42.4,40.0,42.1,41.1,44.5,51.9,60.9,64.4,65.0,63.9,59.8,49.8,46.4,47.4,47.0,52.2,55.9,56.6,55.7,1253.9,1254.8,1256.3,1254.8,1245.5,1233.4,1218.6,1205.3,1203.1,1208.1,1218.4,1225.3,1224.7,1222.0,1219.7,1222.4,1228.1,1215.4,1209.8,1200.7,1192.5,1185.5,1181.9,1188.0,1193.3,1198.2,1202.7,1186.3,1179.7,1173.2,1167.2,1185.3,1180.9,1176.8,1177.8,1180.1,1204.6,1200.8,1199.1,1197.4,1198.3,1199.6,1194.0,1194.9,1194.7,1197.2,1194.0,1193.6,1201.9,1188.0,1181.1,1179.1,1179.3,1185.3,1199.5,1187.4,1180.4,1178.3,1180.0,1187.2,1199.7,1182.9,1181.2,1181.6,1196.9,1182.6,1181.1,1183.0,2.501,0.045,0.14,0.052000000000000005,648.6519999999999,411.55300000000005,-32.275,22.754,-1.882,8.112,2.44,-3.321,-0.027999999999999997,7.234,-14.627,5.87,-21.059,-3.761,-1.4480000000000002,-2.862,1.855,-2.8080000000000003,-8.221,-6.422999999999999,-3.739,-5.593999999999999,3.537,0.9890000000000001,5.083,-7.739,-4.361000000000001,3.1689999999999996,1.589,-0.113,0.139,-0.10099999999999999,0.9590000000000001,-0.18,0.727,0.18600000000000003,2.1,3.59,0.0,0.2,0.48,0.93,0.01,1.56,1.28,0.98,0.59,0.22,0.11,0.02,2.02,0.76,3.58,1.0,1.0,0.0,0.0,0.0,0.0,0.0,1.0,1.0,1.0,1.0,0.0,0.0,1.0,1.0,1.0,0.0,1.0
48,1.568,0.98,0.066006,0.23277399999999998,-0.9702879999999999,-0.140267,0.244658,-0.95941,-0.038,0.243,566.5,570.8,580.9,591.0,595.0,591.3,580.5,570.5,551.0,557.6,566.4,576.5,586.9,595.8,602.5,595.9,586.3,575.6,565.3,556.7,576.4,580.6,584.8,586.6,584.9,580.7,576.5,574.8,713.6,719.0,729.0,737.9,740.3,734.9,724.9,715.3,703.3,710.1,719.0,729.4,739.7,748.5,755.2,748.2,739.0,728.6,718.1,708.9,722.3,726.1,730.5,732.8,731.7,727.9,723.6,721.2,310.2,300.4,296.4,300.7,310.6,321.3,324.4,320.1,312.1,309.1,306.9,306.4,308.3,311.5,315.0,316.4,315.5,315.0,314.7,314.0,315.0,316.7,315.1,311.0,306.9,305.2,306.8,310.9,321.1,312.2,309.7,315.1,325.1,334.0,336.6,331.9,321.9,321.0,320.2,320.4,322.7,326.0,329.5,330.6,329.6,327.8,326.1,324.9,326.9,329.2,328.1,324.3,320.0,317.7,318.7,322.6,-32.0,-30.1,-25.7,-21.4,-19.6,-21.2,-25.9,-30.2,-38.9,-35.9,-32.0,-27.6,-23.1,-19.2,-16.3,-19.2,-23.3,-28.0,-32.5,-36.3,-27.7,-25.9,-24.0,-23.3,-24.0,-25.8,-27.6,-28.4,32.8,35.2,39.7,43.6,44.7,42.3,37.8,33.6,28.3,31.3,35.2,39.8,44.4,48.5,51.6,48.3,44.1,39.4,34.8,30.7,36.7,38.4,40.3,41.4,40.9,39.2,37.3,36.2,-21.7,-26.0,-27.7,-25.8,-21.5,-16.8,-15.5,-17.3,-20.9,-22.2,-23.1,-23.3,-22.5,-21.1,-19.6,-19.0,-19.3,-19.6,-19.7,-20.1,-19.6,-18.8,-19.5,-21.3,-23.1,-23.9,-23.2,-21.4,-17.3,-21.3,-22.4,-20.0,-15.5,-11.6,-10.4,-12.5,-17.0,-17.4,-17.8,-17.7,-16.6,-15.2,-13.7,-13.1,-13.5,-14.4,-15.1,-15.7,-14.7,-13.7,-14.2,-15.9,-17.9,-18.9,-18.4,-16.7,1305.3,1306.5,1307.1,1306.7,1305.6,1304.6,1303.8,1304.2,1310.9,1308.3,1305.9,1304.6,1304.7,1305.7,1307.1,1305.1,1303.6,1303.4,1304.8,1307.6,1305.8,1305.6,1305.9,1306.4,1306.8,1307.0,1306.7,1306.2,1337.6,1338.0,1338.0,1337.6,1336.9,1336.5,1336.5,1337.2,1340.8,1338.7,1336.9,1336.2,1337.3,1339.6,1342.5,1339.1,1336.6,1335.7,1336.3,1338.4,1338.0,1337.8,1337.8,1338.0,1338.2,1338.4,1338.4,1338.2,3.8,20.0,1199.3,0.017,0.126,0.055999999999999994,490.3,489.8,492.6,499.9,514.6,538.6,564.1,596.5,641.0,687.6,728.8,763.6,788.5,805.0,816.0,825.3,833.4,519.3,537.4,564.5,594.8,622.0,692.0,725.6,756.3,782.8,797.1,655.7,651.9,648.8,646.0,605.7,625.0,644.9,667.1,686.8,549.3,567.2,586.1,603.6,584.8,566.2,699.9,719.8,739.3,756.1,738.0,718.9,572.6,596.9,623.1,642.4,664.2,692.5,717.5,690.5,662.0,638.4,617.7,592.6,582.4,622.9,642.5,664.5,706.5,663.6,641.0,621.0,312.9,363.3,413.0,462.2,507.0,547.8,581.3,607.4,616.7,610.1,585.3,554.3,516.7,475.6,432.7,391.0,351.5,262.5,235.7,221.8,224.0,237.0,242.4,237.6,242.2,257.1,281.9,303.2,333.9,363.7,394.6,414.1,422.1,430.2,424.7,418.2,312.2,306.5,307.4,313.2,317.4,316.7,321.1,318.7,321.5,329.0,330.5,328.1,481.7,465.1,460.0,465.3,462.9,470.8,488.7,512.1,521.5,522.8,519.9,508.8,483.0,475.7,478.4,477.5,489.4,500.6,502.6,500.1,-62.8,-63.1,-62.0,-58.9,-52.3,-41.9,-31.0,-17.6,0.4,19.3,36.2,50.7,60.9,67.5,71.9,75.9,79.5,-49.1,-41.6,-30.4,-18.1,-7.1,20.6,34.1,46.6,57.4,63.4,6.2,4.7,3.5,2.4,-13.6,-6.0,1.9,10.7,18.5,-36.6,-29.3,-21.7,-14.6,-22.2,-29.7,24.0,32.0,39.8,46.6,39.2,31.6,-27.1,-17.2,-6.7,1.0,9.6,20.9,31.2,20.1,8.7,-0.6,-8.8,-18.9,-23.2,-6.8,1.0,9.7,26.7,9.4,0.4,-7.6,-19.8,1.4,22.3,43.0,61.3,77.6,90.4,100.0,103.4,101.1,91.8,79.7,64.2,47.3,29.7,12.7,-3.5,-39.7,-50.4,-55.6,-54.4,-49.0,-46.6,-48.8,-47.1,-41.3,-31.5,-22.6,-10.3,1.4,13.6,21.5,24.6,27.7,25.5,23.0,-19.3,-21.5,-21.1,-18.8,-17.1,-17.4,-15.6,-16.6,-15.4,-12.5,-11.8,-12.8,49.1,41.9,39.6,41.6,40.7,44.1,51.8,60.6,63.9,64.4,63.3,59.2,49.5,45.9,46.9,46.6,52.0,55.8,56.5,55.6,1259.6,1260.9,1262.3,1261.0,1252.0,1240.1,1226.3,1212.3,1208.7,1213.0,1222.6,1229.7,1229.7,1227.4,1225.5,1228.2,1233.5,1221.4,1216.3,1207.7,1199.8,1193.5,1189.9,1195.6,1200.4,1205.3,1209.9,1193.6,1187.3,1181.1,1175.4,1193.1,1188.6,1184.4,1185.0,1187.2,1211.3,1207.7,1205.9,1204.4,1205.2,1206.6,1201.3,1202.0,1201.8,1204.1,1201.0,1200.7,1209.2,1195.4,1188.5,1186.4,1186.6,1192.7,1206.8,1195.1,1188.1,1186.1,1187.8,1194.9,1207.1,1190.1,1188.4,1188.8,1204.3,1190.3,1188.9,1190.8,2.487,0.04,0.141,0.055,649.757,410.07,-37.505,21.755,-2.319,5.061,2.498,-3.552,0.145,7.853,-12.245999999999999,7.95,-20.479,-1.671,-2.076,-2.169,4.16,-1.81,-8.189,-6.385,-2.613,-4.041,2.081,1.5930000000000002,4.854,-7.337999999999999,-4.0969999999999995,2.5269999999999997,0.857,0.28300000000000003,0.094,0.171,0.67,-0.515,0.426,0.064,2.22,3.61,0.0,0.43,0.68,1.35,0.01,1.49,1.31,0.85,0.69,0.21,0.11,0.02,2.02,0.72,2.89,1.0,1.0,0.0,0.0,1.0,0.0,0.0,1.0,1.0,1.0,1.0,0.0,0.0,1.0,1.0,1.0,0.0,1.0
49,1.6019999999999999,0.98,0.058293,0.209931,-0.9759770000000001,-0.15640199999999999,0.201817,-0.9668549999999999,-0.05,0.209,567.8,572.8,583.6,593.9,597.6,593.4,581.8,571.5,553.9,559.9,568.4,578.6,589.5,598.4,604.9,597.5,587.7,577.1,567.2,559.3,577.7,582.5,587.5,589.9,588.1,583.3,578.3,575.9,714.3,719.7,730.2,739.7,742.5,737.0,726.5,716.3,704.3,711.4,720.7,731.7,742.4,751.5,758.1,751.0,741.7,731.0,720.1,710.5,723.2,727.5,732.4,734.9,733.6,729.2,724.4,721.9,307.0,296.6,292.6,297.4,308.2,319.5,322.6,317.8,308.7,304.9,302.5,301.9,304.3,308.7,314.4,315.2,314.4,313.5,312.5,311.1,312.7,315.0,313.2,308.3,303.3,301.0,302.8,307.7,318.5,309.0,306.2,311.6,322.1,331.5,334.4,329.7,321.2,318.8,316.9,316.5,318.9,322.8,327.1,328.3,327.7,326.3,324.9,324.0,324.7,327.2,325.9,321.5,316.7,314.2,315.5,319.9,-30.0,-27.9,-23.4,-19.1,-17.6,-19.3,-24.1,-28.4,-35.9,-33.3,-29.8,-25.5,-20.9,-17.3,-14.6,-17.7,-21.7,-26.1,-30.2,-33.6,-25.9,-23.9,-21.8,-20.8,-21.6,-23.6,-25.7,-26.6,31.3,33.6,38.0,42.0,43.1,40.8,36.4,32.1,27.1,30.1,34.0,38.6,43.1,47.0,49.9,46.8,42.8,38.3,33.7,29.7,35.1,36.9,38.9,40.0,39.4,37.6,35.6,34.5,-22.0,-26.4,-28.0,-26.0,-21.5,-16.8,-15.5,-17.5,-21.4,-22.9,-23.9,-24.1,-23.1,-21.3,-18.9,-18.6,-18.9,-19.3,-19.7,-20.4,-19.6,-18.7,-19.5,-21.5,-23.6,-24.5,-23.8,-21.7,-17.5,-21.5,-22.7,-20.4,-16.0,-12.0,-10.8,-12.8,-16.4,-17.4,-18.2,-18.3,-17.3,-15.7,-13.9,-13.3,-13.6,-14.2,-14.8,-15.2,-14.9,-13.8,-14.4,-16.2,-18.3,-19.3,-18.7,-16.9,1246.6,1247.2,1247.1,1246.3,1245.4,1245.1,1245.0,1245.7,1252.1,1249.4,1246.5,1244.9,1244.7,1245.3,1246.3,1245.0,1244.1,1244.3,1246.0,1249.0,1246.7,1246.4,1246.3,1246.6,1247.0,1247.4,1247.4,1247.1,1263.6,1264.3,1264.4,1263.9,1263.1,1262.5,1262.3,1263.0,1266.1,1264.3,1262.8,1262.3,1263.5,1265.9,1268.7,1265.3,1262.8,1261.7,1262.1,1263.9,1263.9,1263.7,1263.8,1264.1,1264.5,1264.7,1264.6,1264.3,4.5,19.1,1197.6,0.01,0.11900000000000001,0.06,491.8,490.7,493.3,500.3,515.0,538.9,565.0,597.9,642.5,688.9,729.7,764.5,789.5,806.2,817.7,827.0,834.8,521.1,540.1,567.5,597.8,624.9,694.0,727.2,758.3,784.9,799.1,658.0,654.2,651.1,648.2,607.8,627.0,646.9,668.8,688.4,551.2,569.2,588.8,606.4,587.2,567.8,701.2,721.6,741.8,758.7,740.8,720.9,573.7,598.2,624.6,644.0,666.0,694.4,719.4,692.3,663.6,639.9,619.1,593.8,583.5,624.4,644.0,666.2,708.3,665.3,642.4,622.4,312.0,362.0,411.4,460.3,504.6,545.1,578.5,604.5,613.7,607.5,583.4,552.9,515.6,474.7,432.1,390.7,351.1,259.9,233.3,219.9,222.2,235.6,241.1,235.9,240.5,255.7,281.1,301.1,331.7,361.4,392.1,412.5,420.3,428.2,422.9,416.8,309.2,302.3,303.7,311.8,315.5,314.5,319.9,315.3,317.9,326.9,328.9,326.8,479.0,462.2,457.0,462.4,460.1,468.5,486.7,509.9,519.0,520.1,517.1,505.8,480.2,472.7,475.4,474.7,487.2,498.7,500.5,497.8,-62.2,-62.7,-61.6,-58.6,-52.1,-41.8,-30.6,-17.0,1.0,19.7,36.5,51.0,61.2,68.0,72.6,76.6,80.2,-48.3,-40.5,-29.2,-16.9,-6.0,21.4,34.7,47.3,58.2,64.1,7.1,5.6,4.4,3.2,-12.8,-5.1,2.7,11.4,19.1,-35.8,-28.5,-20.5,-13.5,-21.2,-29.0,24.5,32.7,40.7,47.6,40.3,32.4,-26.7,-16.6,-6.1,1.6,10.3,21.6,31.9,20.8,9.3,-0.0,-8.3,-18.4,-22.7,-6.2,1.6,10.4,27.4,10.0,1.0,-7.0,-20.1,0.8,21.6,42.1,60.3,76.4,89.3,98.7,102.1,99.9,90.9,79.0,63.7,46.9,29.5,12.6,-3.7,-40.7,-51.3,-56.3,-55.0,-49.4,-47.1,-49.4,-47.8,-41.9,-31.8,-23.4,-11.2,0.5,12.6,20.9,23.9,26.9,24.8,22.5,-20.5,-23.2,-22.6,-19.3,-17.8,-18.3,-16.1,-17.9,-16.9,-13.3,-12.4,-13.3,47.9,40.7,38.4,40.4,39.5,43.1,50.9,59.6,62.8,63.2,62.1,58.0,48.3,44.6,45.6,45.4,51.0,54.9,55.6,54.6,1258.7,1259.3,1260.0,1258.4,1250.1,1238.8,1225.7,1211.4,1207.2,1211.0,1220.8,1228.1,1228.6,1227.0,1225.8,1229.0,1234.6,1219.9,1214.9,1206.4,1198.4,1192.4,1188.8,1194.4,1199.6,1204.9,1209.7,1192.6,1186.0,1179.5,1173.5,1191.5,1186.9,1182.6,1183.4,1185.6,1210.5,1206.6,1204.7,1203.2,1204.0,1205.6,1200.5,1201.3,1201.1,1203.6,1200.2,1199.8,1207.7,1193.5,1186.5,1184.4,1184.6,1191.0,1205.3,1193.4,1186.0,1184.2,1185.9,1193.1,1205.7,1188.1,1186.3,1186.8,1202.8,1188.5,1187.1,1189.0,2.49,0.033,0.131,0.06,651.469,407.944,-34.692,20.589000000000002,-1.03,6.0089999999999995,2.801,-4.08,0.413,8.026,-12.985999999999999,8.802,-19.465,-0.684,-2.9730000000000003,-1.459,4.485,-1.652,-6.879,-5.579,-1.952,-3.562,1.1540000000000001,2.135,3.8569999999999998,-6.62,-3.367,2.194,0.53,0.32799999999999996,0.013999999999999999,0.488,0.364,-0.631,0.271,-0.053,2.33,3.59,0.0,0.65,0.8,1.51,0.01,1.51,1.35,0.78,0.78,0.17,0.09,0.0,2.02,0.66,2.32,1.0,1.0,0.0,0.0,1.0,0.0,0.0,1.0,1.0,1.0,1.0,0.0,0.0,1.0,1.0,1.0,0.0,1.0
50,1.635,0.98,0.05334,0.177801,-0.98262,-0.18445899999999998,0.191325,-0.964038,-0.067,0.187,568.1,574.0,586.1,597.4,601.3,596.2,583.3,572.0,555.1,561.8,570.8,581.1,592.3,601.5,607.7,600.0,590.1,579.1,568.9,560.7,578.7,584.1,589.9,592.8,590.9,585.5,579.7,576.9,716.3,721.9,732.7,742.3,745.2,739.6,728.8,718.3,706.4,714.2,724.0,736.1,747.5,756.0,761.1,754.4,745.5,734.9,723.8,713.8,725.3,729.8,734.7,737.3,736.0,731.5,726.6,724.0,303.8,293.0,289.1,294.4,305.6,317.4,320.3,315.0,306.6,302.4,299.5,298.9,301.2,306.0,312.9,313.7,312.9,311.8,310.6,309.2,310.6,313.1,311.2,306.1,300.7,298.1,300.0,305.1,316.7,306.9,303.8,309.4,320.3,330.2,333.2,328.2,319.8,316.3,314.1,314.0,316.8,320.6,324.8,326.4,326.2,324.8,323.3,322.0,322.5,325.1,323.7,319.1,314.1,311.5,312.9,317.5,-28.2,-25.9,-21.2,-16.7,-15.2,-17.1,-22.2,-26.6,-33.4,-30.7,-27.1,-23.1,-18.7,-15.1,-12.7,-15.7,-19.5,-23.8,-27.8,-31.1,-24.0,-21.9,-19.6,-18.5,-19.3,-21.4,-23.7,-24.8,30.7,32.9,37.2,41.1,42.3,40.1,35.7,31.5,26.8,29.8,33.8,38.6,43.2,46.8,49.0,46.1,42.5,38.1,33.7,29.7,34.3,36.1,38.1,39.2,38.6,36.8,34.8,33.8,-22.1,-26.3,-27.8,-25.8,-21.3,-16.7,-15.5,-17.6,-21.0,-22.6,-23.7,-23.9,-23.0,-21.1,-18.4,-18.1,-18.4,-18.9,-19.3,-19.9,-19.4,-18.4,-19.1,-21.1,-23.3,-24.3,-23.6,-21.5,-17.4,-21.4,-22.6,-20.4,-16.0,-12.0,-10.8,-12.8,-16.2,-17.6,-18.4,-18.5,-17.4,-15.9,-14.2,-13.6,-13.6,-14.1,-14.7,-15.3,-15.1,-14.0,-14.6,-16.4,-18.5,-19.5,-18.9,-17.1,1176.5,1178.1,1178.5,1177.4,1175.5,1174.1,1173.6,1174.6,1180.2,1178.4,1176.1,1175.1,1175.0,1175.1,1175.6,1174.3,1173.3,1173.2,1174.9,1177.7,1176.2,1175.7,1175.8,1176.6,1177.5,1178.0,1177.9,1177.1,1206.4,1206.0,1206.0,1206.4,1207.0,1207.4,1207.4,1207.3,1208.3,1206.4,1204.9,1204.8,1206.9,1210.2,1213.9,1210.3,1207.4,1205.8,1205.6,1206.8,1207.7,1207.8,1207.8,1207.7,1207.4,1207.2,1207.2,1207.4,5.4,18.4,1193.3,0.005,0.10800000000000001,0.063,493.4,492.1,494.5,501.3,515.8,539.4,565.7,599.0,644.1,690.9,731.8,766.7,791.6,808.0,819.4,828.6,835.9,523.5,543.4,570.9,600.9,627.6,697.5,730.5,761.3,787.6,801.8,661.1,657.3,654.2,651.3,610.0,629.6,649.7,671.7,691.3,552.9,571.2,591.4,609.3,589.6,569.4,704.0,724.8,745.6,762.6,744.6,724.2,574.6,599.7,626.8,646.4,668.7,697.4,722.4,695.1,666.0,642.0,621.0,595.2,584.4,626.5,646.3,668.8,711.2,667.7,644.6,624.3,311.5,361.0,410.0,458.7,502.9,543.6,577.4,603.5,612.7,606.5,582.2,551.3,513.6,472.7,430.6,389.7,350.7,256.0,230.6,218.0,220.3,233.8,239.5,234.5,239.2,254.4,279.8,299.3,329.9,359.5,390.2,411.1,418.8,426.6,421.6,415.8,306.8,299.1,300.8,310.2,313.8,312.6,318.4,312.8,315.4,325.2,327.5,325.3,478.0,460.3,454.8,460.2,457.7,466.7,485.7,509.2,518.2,519.3,516.3,504.9,479.2,470.8,473.5,472.8,486.3,497.8,499.5,496.7,-61.3,-61.8,-60.9,-57.9,-51.5,-41.4,-30.3,-16.5,1.6,20.5,37.2,51.7,61.9,68.5,73.1,77.1,80.4,-47.2,-39.0,-27.7,-15.6,-4.9,22.7,36.0,48.4,59.2,65.1,8.4,6.8,5.6,4.4,-11.9,-4.1,3.8,12.5,20.2,-35.0,-27.6,-19.4,-12.3,-20.2,-28.3,25.5,33.9,42.2,49.1,41.7,33.6,-26.2,-16.0,-5.2,2.5,11.3,22.7,33.0,21.8,10.2,0.8,-7.5,-17.8,-22.3,-5.3,2.5,11.4,28.5,10.9,1.8,-6.2,-20.3,0.4,20.9,41.2,59.3,75.6,88.6,98.0,101.3,99.1,90.1,78.1,62.7,46.0,28.8,12.1,-3.8,-42.1,-52.2,-56.9,-55.6,-50.0,-47.6,-49.8,-48.2,-42.3,-32.3,-24.0,-11.9,-0.2,11.8,20.2,23.2,26.2,24.2,22.0,-21.4,-24.4,-23.7,-19.9,-18.5,-19.0,-16.6,-18.9,-17.8,-13.9,-13.0,-13.8,47.3,39.8,37.3,39.4,38.4,42.2,50.4,59.1,62.3,62.6,61.5,57.4,47.7,43.7,44.7,44.5,50.5,54.4,55.0,54.0,1254.2,1254.6,1254.8,1253.0,1245.3,1234.7,1222.0,1207.5,1202.9,1206.7,1216.7,1224.4,1225.1,1223.5,1222.6,1226.2,1232.0,1215.1,1210.3,1202.0,1194.3,1188.6,1185.4,1191.3,1196.7,1202.0,1206.7,1188.9,1182.0,1175.3,1169.0,1187.2,1182.5,1178.4,1179.2,1181.6,1206.7,1202.7,1200.8,1199.3,1200.1,1201.6,1197.2,1198.1,1198.1,1200.8,1197.1,1196.5,1203.7,1189.0,1181.8,1179.8,1180.1,1186.9,1201.6,1189.1,1181.1,1179.3,1181.1,1188.6,1201.6,1183.5,1181.7,1182.2,1199.0,1183.7,1182.3,1184.3,2.498,0.027999999999999997,0.11900000000000001,0.063,653.7959999999999,406.371,-33.772,20.705,-0.149,7.169,1.962,-5.111000000000001,-1.157,8.415,-13.697000000000001,9.475,-18.083,0.48,-3.6310000000000002,-1.359,4.367,-1.761,-5.506,-5.1579999999999995,-1.073,-3.653,0.764,2.826,3.367,-6.377000000000001,-3.202,2.351,0.815,0.141,-0.048,0.604,0.483,-0.409,0.345,-0.129,2.32,3.52,0.0,0.87,0.85,1.57,0.0,1.53,1.39,0.76,0.82,0.07,0.18,0.0,1.99,0.51,1.88,1.0,1.0,0.0,0.0,1.0,0.0,0.0,1.0,1.0,1.0,1.0,0.0,0.0,1.0,1.0,1.0,0.0,1.0
51,1.6680000000000001,0.98,0.062192,0.167447,-0.9839180000000001,-0.15721400000000002,0.163355,-0.97396,-0.048,0.16699999999999998,570.4,576.3,588.5,599.8,603.5,598.4,585.4,574.2,557.0,563.5,572.4,583.0,594.5,603.9,610.3,602.4,592.2,581.0,570.8,562.6,581.1,586.4,592.2,595.0,593.2,587.9,582.2,579.4,718.3,723.9,735.5,746.4,750.1,744.6,733.0,721.1,708.2,716.7,727.4,739.2,749.8,758.4,764.5,758.1,749.1,738.2,726.7,716.0,728.5,733.4,738.6,741.1,739.4,734.5,729.3,726.8,303.7,292.6,288.5,293.9,305.6,317.8,320.8,315.4,306.6,302.1,299.1,298.4,300.9,306.0,313.2,314.0,313.2,312.2,311.0,309.3,310.4,313.0,311.1,305.8,300.3,297.8,299.6,304.9,316.7,306.2,302.9,308.8,320.5,331.0,334.3,329.3,321.3,317.1,314.3,314.0,316.7,321.3,326.5,327.5,326.8,325.5,324.3,323.6,323.7,326.3,324.9,320.1,314.9,312.2,313.7,318.5,-26.8,-24.6,-19.9,-15.5,-14.0,-16.0,-21.0,-25.4,-32.1,-29.6,-26.0,-22.0,-17.5,-13.9,-11.4,-14.5,-18.4,-22.7,-26.7,-29.9,-22.7,-20.7,-18.4,-17.4,-18.0,-20.1,-22.3,-23.4,30.0,32.2,36.7,40.9,42.3,40.1,35.6,31.1,26.2,29.4,33.5,38.0,42.2,45.6,48.0,45.4,41.9,37.6,33.2,29.2,34.0,35.8,37.9,38.8,38.2,36.3,34.3,33.3,-21.7,-26.0,-27.6,-25.5,-21.0,-16.3,-15.1,-17.2,-20.7,-22.4,-23.5,-23.7,-22.8,-20.8,-18.0,-17.7,-18.0,-18.4,-18.9,-19.6,-19.1,-18.1,-18.9,-20.9,-23.0,-24.0,-23.3,-21.3,-16.6,-20.7,-22.0,-19.7,-15.2,-11.1,-9.9,-11.8,-14.9,-16.5,-17.5,-17.7,-16.6,-14.9,-12.9,-12.5,-12.7,-13.2,-13.7,-14.0,-13.9,-12.9,-13.5,-15.3,-17.3,-18.4,-17.8,-16.0,1157.3,1158.4,1158.4,1157.4,1155.8,1154.9,1154.7,1155.8,1161.5,1159.4,1156.8,1155.5,1155.3,1155.5,1156.1,1154.9,1154.1,1154.2,1156.0,1158.9,1157.0,1156.5,1156.5,1157.0,1157.8,1158.3,1158.2,1157.7,1151.1,1152.5,1153.5,1153.5,1152.4,1150.9,1149.9,1150.1,1151.9,1150.9,1150.3,1150.6,1152.2,1155.0,1157.8,1154.2,1151.2,1149.5,1149.3,1150.3,1151.7,1151.7,1152.2,1152.8,1153.3,1153.3,1152.9,1152.2,6.3,18.6,1188.4,0.006,0.099,0.066,494.7,493.3,495.6,502.4,517.0,540.9,567.7,601.4,646.8,693.8,734.3,768.8,793.3,809.5,820.9,830.0,837.0,525.4,545.6,573.4,603.7,630.8,701.0,733.9,764.7,790.8,804.4,664.2,660.4,657.4,654.6,612.7,632.4,652.6,674.6,694.2,554.6,573.1,593.7,611.8,591.8,571.2,706.5,727.7,748.7,765.8,747.8,727.1,576.5,601.9,629.3,649.0,671.3,700.0,724.6,697.5,668.5,644.5,623.3,597.3,586.3,629.0,648.9,671.5,713.4,670.3,647.1,626.7,310.1,360.1,409.6,458.6,503.3,544.3,578.4,604.5,613.6,607.3,582.7,551.5,513.6,472.8,431.3,391.2,352.7,256.7,231.1,218.2,220.4,233.9,239.8,235.2,240.1,255.8,281.6,299.7,330.3,360.0,390.8,412.1,419.6,427.5,422.5,416.7,306.9,298.6,300.6,310.8,314.2,312.9,319.5,313.0,315.7,326.2,328.5,326.4,478.6,460.9,455.3,460.8,458.5,467.6,486.9,510.0,518.9,520.0,517.0,505.5,479.8,471.3,474.1,473.5,487.3,498.7,500.5,497.7,-60.5,-61.1,-60.1,-57.2,-50.8,-40.7,-29.4,-15.5,2.7,21.6,38.1,52.4,62.4,68.9,73.5,77.5,80.7,-46.2,-37.9,-26.6,-14.4,-3.6,24.0,37.2,49.6,60.3,65.9,9.5,8.0,6.8,5.7,-10.8,-3.0,4.9,13.5,21.2,-34.2,-26.7,-18.5,-11.2,-19.2,-27.4,26.4,34.9,43.3,50.2,42.9,34.6,-25.4,-15.0,-4.2,3.5,12.3,23.6,33.8,22.7,11.2,1.8,-6.5,-16.8,-21.4,-4.3,3.5,12.4,29.2,11.9,2.8,-5.2,-20.8,0.0,20.7,41.0,59.3,75.6,88.7,98.1,101.3,99.1,90.0,77.9,62.6,45.9,29.0,12.7,-3.0,-41.7,-51.8,-56.6,-55.3,-49.7,-47.3,-49.4,-47.7,-41.6,-31.5,-23.8,-11.6,0.0,11.9,20.5,23.4,26.4,24.5,22.3,-21.3,-24.5,-23.7,-19.6,-18.3,-18.8,-16.1,-18.7,-17.7,-13.5,-12.5,-13.4,47.4,39.8,37.4,39.5,38.6,42.4,50.6,59.2,62.3,62.6,61.6,57.4,47.8,43.7,44.8,44.6,50.7,54.5,55.1,54.1,1249.7,1250.0,1250.0,1248.0,1240.6,1230.4,1218.1,1203.6,1198.9,1202.8,1212.9,1220.8,1221.6,1220.1,1219.4,1223.3,1229.3,1210.1,1205.3,1197.1,1189.2,1183.6,1180.8,1187.0,1192.7,1198.5,1203.6,1184.1,1177.1,1170.1,1163.6,1182.2,1177.5,1173.2,1174.1,1176.7,1201.7,1197.7,1195.8,1194.3,1195.1,1196.6,1192.9,1194.0,1194.1,1197.0,1193.0,1192.3,1198.7,1183.9,1176.6,1174.8,1175.2,1182.3,1197.3,1184.5,1176.3,1174.5,1176.1,1183.5,1196.6,1178.4,1176.7,1177.4,1194.6,1179.0,1177.5,1179.3,2.508,0.028999999999999998,0.10800000000000001,0.065,656.188,406.97,-30.535,22.003,0.7040000000000001,8.802999999999999,1.99,-5.702000000000001,-1.49,8.405,-13.845999999999998,9.669,-18.13,1.2670000000000001,-3.43,-0.97,4.481,-1.653,-5.372000000000001,-4.338,-0.955,-3.53,0.7390000000000001,3.465,3.155,-6.079,-2.937,2.089,0.759,0.49,-0.133,0.461,0.507,-0.491,0.337,-0.127,2.49,3.59,0.0,0.95,0.84,1.6,0.0,1.7,1.37,0.91,0.86,0.14,0.14,0.0,2.0,0.28,1.62,1.0,1.0,0.0,1.0,1.0,0.0,0.0,1.0,1.0,1.0,1.0,0.0,0.0,1.0,1.0,1.0,0.0,1.0
52,1.702,0.98,0.06782,0.184636,-0.9804639999999999,-0.161325,0.167735,-0.972543,-0.048,0.179,573.0,578.9,591.0,602.3,606.1,601.0,588.0,576.8,559.2,565.7,574.7,585.3,597.0,606.5,613.2,605.2,594.9,583.6,573.2,564.8,583.8,589.0,594.7,597.5,595.7,590.5,584.8,582.0,720.7,726.1,737.9,749.0,753.0,747.5,735.8,723.7,710.8,719.4,730.3,742.3,752.9,761.4,767.4,761.1,752.2,741.3,729.8,719.0,731.1,736.0,741.1,743.6,741.8,736.9,731.8,729.4,306.7,295.4,291.4,296.9,308.8,321.1,324.2,318.6,309.3,304.7,301.7,301.0,303.6,309.0,316.3,317.1,316.2,315.2,313.9,312.1,313.4,316.0,314.1,308.8,303.3,300.7,302.6,307.9,320.1,309.3,305.9,311.9,323.7,334.5,337.9,332.8,325.1,320.4,317.3,316.9,319.8,324.6,330.1,330.9,330.2,329.0,327.9,327.3,327.0,329.6,328.2,323.4,318.2,315.6,317.1,321.8,-25.6,-23.4,-18.7,-14.4,-12.9,-14.9,-19.8,-24.2,-31.0,-28.5,-25.0,-20.9,-16.4,-12.8,-10.3,-13.3,-17.2,-21.5,-25.5,-28.8,-21.5,-19.5,-17.3,-16.3,-16.9,-18.9,-21.1,-22.2,30.4,32.5,37.0,41.2,42.6,40.5,36.1,31.5,26.7,29.9,34.0,38.5,42.6,45.9,48.3,45.8,42.3,38.1,33.8,29.7,34.4,36.2,38.2,39.1,38.5,36.6,34.6,33.7,-20.4,-24.7,-26.3,-24.1,-19.6,-14.9,-13.7,-15.8,-19.5,-21.2,-22.3,-22.5,-21.5,-19.5,-16.7,-16.4,-16.7,-17.1,-17.6,-18.3,-17.8,-16.8,-17.5,-19.6,-21.7,-22.7,-22.0,-20.0,-15.1,-19.1,-20.4,-18.2,-13.7,-9.6,-8.3,-10.2,-13.1,-14.9,-16.1,-16.2,-15.2,-13.4,-11.3,-11.0,-11.2,-11.7,-12.1,-12.3,-12.4,-11.5,-12.0,-13.8,-15.8,-16.8,-16.2,-14.4,1147.5,1148.3,1148.2,1147.2,1146.0,1145.4,1145.3,1146.2,1152.2,1149.9,1147.2,1145.8,1145.5,1145.8,1146.5,1145.4,1144.6,1144.8,1146.6,1149.5,1147.4,1146.9,1146.9,1147.2,1147.8,1148.3,1148.3,1147.9,1130.9,1132.5,1133.6,1133.6,1132.5,1130.9,1129.8,1129.9,1131.3,1130.4,1129.9,1130.4,1132.1,1134.9,1137.8,1134.2,1131.1,1129.3,1129.0,1129.8,1131.6,1131.6,1132.1,1132.8,1133.3,1133.3,1132.8,1132.1,7.2,20.0,1184.1,0.02,0.08800000000000001,0.071,496.0,494.3,496.6,503.2,517.6,541.2,567.9,602.1,647.9,695.1,735.7,770.1,794.6,810.7,822.2,831.4,838.3,527.8,548.5,576.6,607.2,634.4,704.3,737.3,768.0,794.0,807.3,667.2,663.6,660.6,658.0,615.6,635.3,655.5,677.4,696.8,556.8,575.5,596.4,614.6,594.4,573.6,709.1,730.5,751.8,768.8,750.9,729.9,578.3,604.1,631.8,651.6,673.9,702.4,726.4,699.6,670.7,646.8,625.5,599.3,588.4,631.4,651.4,673.9,715.1,672.6,649.4,628.9,309.5,359.6,409.4,458.7,504.2,546.4,581.8,609.3,619.0,612.7,587.5,555.3,516.9,475.7,434.1,393.7,354.9,258.7,233.5,221.2,223.7,237.6,243.6,238.8,243.7,259.4,285.1,303.1,334.0,364.1,395.2,416.2,423.9,431.9,427.1,421.4,309.5,301.2,303.3,313.9,317.3,315.9,322.9,316.2,318.9,329.6,332.2,330.0,482.8,465.0,459.4,465.1,462.8,472.1,491.6,515.3,524.6,525.7,522.5,510.5,484.0,476.1,479.0,478.5,492.0,503.5,505.2,502.2,-59.7,-60.4,-59.5,-56.7,-50.4,-40.4,-29.2,-15.2,3.2,22.1,38.6,52.8,62.8,69.2,73.8,77.8,81.0,-45.0,-36.6,-25.2,-12.9,-2.2,25.2,38.3,50.7,61.3,66.9,10.7,9.2,8.0,6.9,-9.6,-1.8,6.0,14.6,22.2,-33.2,-25.6,-17.3,-10.1,-18.1,-26.4,27.4,35.9,44.3,51.2,44.0,35.6,-24.5,-14.1,-3.2,4.5,13.2,24.5,34.4,23.5,12.0,2.6,-5.7,-16.0,-20.5,-3.4,4.4,13.3,29.8,12.8,3.7,-4.4,-20.9,-0.2,20.5,40.9,59.4,76.2,89.8,99.8,103.3,101.1,91.8,79.3,63.7,46.9,30.0,13.7,-2.1,-40.6,-50.6,-55.1,-53.7,-48.1,-45.6,-47.8,-46.1,-40.1,-29.9,-22.4,-10.1,1.6,13.6,22.1,25.0,28.0,26.2,24.0,-20.2,-23.4,-22.5,-18.3,-16.9,-17.5,-14.7,-17.4,-16.3,-12.1,-11.0,-11.9,48.9,41.3,38.8,41.0,40.1,44.0,52.3,61.1,64.3,64.6,63.5,59.2,49.3,45.4,46.5,46.3,52.4,56.2,56.8,55.7,1243.7,1244.3,1244.7,1243.0,1236.1,1226.4,1214.8,1200.6,1196.1,1200.1,1210.2,1218.0,1218.6,1216.7,1215.8,1219.4,1225.1,1204.0,1199.3,1191.1,1183.4,1178.2,1175.7,1182.0,1187.9,1194.0,1199.3,1179.2,1172.4,1165.6,1159.2,1177.8,1173.3,1169.2,1170.1,1172.7,1196.4,1192.4,1190.6,1189.2,1190.0,1191.5,1188.5,1189.6,1189.8,1192.8,1188.7,1188.0,1194.1,1179.2,1172.1,1170.4,1170.9,1178.0,1193.2,1180.6,1172.5,1170.6,1172.1,1179.3,1192.0,1174.1,1172.5,1173.4,1190.5,1175.0,1173.4,1175.1,2.517,0.045,0.096,0.07,658.44,410.584,-30.79,22.045,0.092,10.363,0.546,-6.74,-1.714,8.342,-13.624,8.988,-18.202,1.2770000000000001,-3.9,-0.483,4.571000000000001,-1.6369999999999998,-5.191,-3.89,-0.535,-3.824,0.726,3.4939999999999998,3.306,-5.672000000000001,-3.013,2.003,0.862,0.48200000000000004,-0.204,0.413,0.531,-0.507,0.358,-0.09699999999999999,2.63,3.69,0.0,1.03,0.78,1.69,0.0,1.75,1.3,0.88,0.96,0.14,0.22,0.0,2.1,0.37,1.47,1.0,1.0,0.0,1.0,1.0,0.0,0.0,1.0,1.0,1.0,1.0,0.0,0.0,1.0,1.0,1.0,0.0,1.0
53,1.735,0.98,0.074399,0.183482,-0.9802040000000001,-0.170787,0.177039,-0.9692719999999999,-0.049,0.183,574.4,580.7,593.3,604.8,608.5,602.9,589.5,578.0,560.7,567.6,576.8,587.4,598.8,608.3,614.6,606.7,596.5,585.2,574.8,566.4,585.2,590.6,596.6,599.6,597.9,592.5,586.5,583.5,723.1,728.8,740.7,751.8,755.7,749.9,738.0,725.9,713.3,721.9,732.7,745.0,756.1,765.0,771.1,764.5,755.3,744.2,732.5,721.5,733.6,738.5,743.7,746.2,744.5,739.7,734.4,731.9,312.7,301.8,298.1,303.9,315.6,327.7,330.2,324.5,315.8,311.4,308.3,307.7,310.2,315.5,323.0,324.0,323.2,322.1,320.7,318.9,320.0,322.7,321.0,315.8,310.2,307.5,309.3,314.4,327.4,316.4,313.0,319.1,331.1,342.1,345.5,340.4,332.9,327.9,324.5,323.9,326.9,331.8,337.5,338.7,338.2,337.1,335.9,335.2,334.4,337.0,335.5,330.7,325.4,322.8,324.3,329.1,-24.9,-22.5,-17.7,-13.3,-11.9,-14.1,-19.1,-23.5,-30.2,-27.5,-24.0,-19.9,-15.6,-12.0,-9.6,-12.6,-16.5,-20.7,-24.7,-28.0,-20.8,-18.7,-16.5,-15.3,-16.0,-18.1,-20.3,-21.4,30.8,33.0,37.4,41.6,42.9,40.8,36.3,31.9,27.2,30.4,34.4,38.9,43.1,46.5,48.9,46.3,42.8,38.6,34.3,30.2,34.7,36.6,38.5,39.5,38.8,37.0,35.1,34.1,-17.9,-22.1,-23.5,-21.3,-16.8,-12.2,-11.3,-13.4,-16.8,-18.5,-19.6,-19.8,-18.9,-16.9,-14.0,-13.6,-13.9,-14.3,-14.9,-15.6,-15.2,-14.1,-14.8,-16.8,-18.9,-19.9,-19.3,-17.3,-12.1,-16.2,-17.5,-15.2,-10.7,-6.6,-5.4,-7.3,-10.1,-11.9,-13.1,-13.4,-12.3,-10.5,-8.4,-7.9,-8.1,-8.5,-8.9,-9.2,-9.5,-8.5,-9.1,-10.9,-12.8,-13.8,-13.3,-11.5,1138.0,1139.6,1139.9,1138.8,1137.0,1135.6,1135.1,1136.2,1141.7,1139.9,1137.7,1136.6,1136.5,1136.5,1137.0,1135.7,1134.7,1134.6,1136.4,1139.2,1137.7,1137.2,1137.3,1138.1,1138.9,1139.4,1139.3,1138.6,1112.8,1114.1,1115.0,1114.9,1114.0,1112.6,1111.8,1112.0,1113.3,1112.3,1111.7,1112.0,1113.7,1116.5,1119.4,1115.9,1112.9,1111.1,1110.9,1111.9,1113.5,1113.5,1113.9,1114.4,1114.9,1114.9,1114.5,1113.9,7.9,23.3,1175.7,0.04,0.08,0.078,496.9,495.2,497.7,504.4,518.6,541.7,567.5,601.8,647.5,694.4,734.7,769.1,794.1,810.8,822.8,832.6,839.8,529.6,550.5,579.0,609.8,637.2,707.9,740.9,771.3,796.7,809.6,669.8,666.4,663.6,661.1,618.2,638.0,658.2,680.1,699.6,558.2,577.0,598.3,616.7,596.3,575.1,712.0,733.4,755.0,771.8,754.2,732.9,580.5,606.2,634.2,654.0,676.2,704.6,727.4,701.5,672.6,648.8,627.5,601.2,590.9,633.6,653.6,676.0,716.0,674.4,651.4,630.8,310.8,361.7,412.2,462.2,509.4,553.8,591.9,622.0,633.0,626.9,600.9,567.1,527.3,484.8,442.0,400.2,359.9,265.5,240.0,227.9,230.7,244.4,251.1,246.3,251.3,266.9,292.7,310.3,341.9,372.5,404.3,425.1,433.0,441.2,436.4,430.6,316.2,307.6,309.8,320.8,324.5,323.0,330.2,323.3,326.1,337.0,340.1,337.7,494.0,475.0,468.9,474.9,472.6,482.5,503.1,528.2,537.7,538.7,535.4,522.8,495.3,486.5,489.5,489.2,503.5,515.5,517.0,513.8,-58.8,-59.5,-58.5,-55.7,-49.6,-39.9,-29.2,-15.2,3.0,21.7,38.0,52.1,62.2,68.8,73.5,77.6,80.9,-43.9,-35.5,-24.0,-11.8,-1.1,26.4,39.4,51.6,61.9,67.3,11.6,10.2,9.1,8.1,-8.5,-0.8,7.0,15.5,23.1,-32.4,-24.8,-16.4,-9.2,-17.2,-25.6,28.3,36.7,45.2,52.0,44.9,36.5,-23.5,-13.2,-2.2,5.4,14.0,25.2,34.5,24.0,12.7,3.4,-4.9,-15.2,-19.4,-2.5,5.3,14.0,30.0,13.4,4.4,-3.6,-20.2,0.7,21.5,42.0,61.1,78.6,93.3,104.3,108.3,106.2,96.6,83.6,67.5,50.3,33.0,16.2,-0.0,-37.6,-47.5,-52.0,-50.6,-45.0,-42.4,-44.4,-42.7,-36.7,-26.7,-19.4,-7.0,4.8,17.0,25.4,28.4,31.4,29.6,27.4,-17.3,-20.6,-19.7,-15.4,-14.0,-14.6,-11.7,-14.4,-13.3,-9.1,-7.8,-8.8,52.9,44.9,42.2,44.5,43.6,47.8,56.5,65.7,69.0,69.3,68.1,63.6,53.4,49.2,50.3,50.2,56.6,60.5,61.0,59.8,1232.1,1233.3,1234.2,1232.9,1226.4,1217.4,1207.5,1194.3,1190.0,1193.8,1203.3,1210.7,1210.7,1208.2,1206.7,1209.7,1214.6,1192.8,1188.3,1180.4,1173.2,1168.6,1166.6,1172.7,1178.4,1184.2,1189.3,1170.0,1163.4,1157.1,1151.2,1169.6,1165.1,1161.0,1161.9,1164.6,1186.3,1182.4,1180.7,1179.3,1180.3,1181.8,1179.3,1180.4,1180.5,1183.5,1179.6,1179.0,1185.5,1170.5,1163.8,1162.2,1162.6,1169.8,1185.0,1172.9,1165.0,1163.1,1164.5,1171.1,1183.3,1166.0,1164.5,1165.3,1182.3,1167.1,1165.6,1167.1,2.536,0.067,0.087,0.077,660.275,419.39300000000003,-36.11,21.239,-0.899,13.675,-1.798,-8.052,-1.206,8.515,-12.22,6.235,-19.746,2.0380000000000003,-4.337,-0.212,4.083,-2.154,-4.811,-3.638,0.441,-4.023,0.516,3.7319999999999998,3.8160000000000003,-5.705,-3.2939999999999996,1.501,0.998,0.909,-0.242,0.392,0.644,-0.705,0.41200000000000003,-0.044000000000000004,2.86,3.9,0.0,1.2,0.68,1.57,0.0,1.64,1.16,0.85,1.0,0.26,0.23,0.0,2.17,0.98,1.39,1.0,1.0,0.0,1.0,1.0,0.0,0.0,1.0,1.0,1.0,1.0,0.0,0.0,1.0,1.0,1.0,0.0,0.0
54,1.768,0.93,0.064141,0.184729,-0.9806940000000001,-0.148222,0.185249,-0.971449,-0.043,0.187,574.8,581.4,594.3,605.9,609.5,603.6,589.9,578.3,561.5,568.4,577.6,588.4,600.1,609.7,616.1,607.8,597.3,585.8,575.4,567.1,585.7,591.3,597.5,600.7,599.0,593.4,587.2,584.0,724.7,730.4,742.6,754.2,758.2,752.5,740.3,727.8,714.8,723.5,734.6,746.9,757.7,766.4,772.5,766.1,757.1,746.1,734.4,723.3,735.6,740.6,745.8,748.3,746.5,741.6,736.3,733.8,322.7,311.7,307.9,313.6,325.5,337.8,340.4,334.6,326.4,321.5,318.2,317.5,320.0,325.4,333.2,334.3,333.6,332.5,331.2,329.5,330.2,333.0,331.1,325.8,320.1,317.3,319.1,324.4,337.2,326.2,322.9,329.2,341.5,352.6,355.9,350.5,343.3,337.7,334.3,333.8,336.7,341.8,347.7,349.0,348.6,347.6,346.5,345.7,344.6,347.3,345.9,341.1,335.8,333.1,334.5,339.3,-24.2,-21.7,-16.9,-12.6,-11.3,-13.4,-18.5,-22.8,-29.2,-26.6,-23.1,-19.1,-14.8,-11.2,-8.8,-11.9,-15.8,-20.0,-23.9,-27.0,-20.1,-18.0,-15.7,-14.6,-15.2,-17.3,-19.6,-20.8,30.9,33.0,37.5,41.7,43.2,41.0,36.5,32.0,27.3,30.4,34.5,39.0,43.0,46.3,48.6,46.1,42.7,38.6,34.3,30.3,34.9,36.7,38.6,39.6,38.9,37.1,35.2,34.3,-13.8,-17.9,-19.3,-17.2,-12.8,-8.2,-7.3,-9.4,-12.5,-14.3,-15.5,-15.7,-14.8,-12.8,-9.9,-9.5,-9.7,-10.2,-10.6,-11.3,-11.1,-10.0,-10.7,-12.7,-14.8,-15.8,-15.2,-13.2,-8.3,-12.4,-13.6,-11.3,-6.8,-2.7,-1.5,-3.5,-6.1,-8.1,-9.4,-9.6,-8.5,-6.7,-4.5,-4.0,-4.1,-4.5,-4.9,-5.2,-5.6,-4.6,-5.2,-6.9,-8.8,-9.8,-9.3,-7.6,1111.9,1113.4,1113.6,1112.2,1110.3,1108.9,1108.6,1109.9,1115.5,1113.7,1111.4,1110.3,1109.9,1109.9,1110.1,1108.9,1108.0,1108.1,1110.0,1112.9,1111.3,1110.7,1110.7,1111.5,1112.4,1113.1,1113.0,1112.3,1094.1,1095.8,1097.1,1097.0,1095.8,1094.0,1092.8,1092.9,1094.1,1093.4,1093.1,1093.5,1095.2,1098.0,1100.6,1097.2,1094.1,1092.2,1091.9,1092.7,1094.8,1094.8,1095.3,1096.1,1096.6,1096.6,1096.1,1095.3,8.3,27.8,1158.0,0.05,0.071,0.08,496.8,495.2,498.6,506.4,521.0,543.6,568.5,602.7,648.4,695.1,734.5,768.5,793.6,811.0,824.5,834.8,842.4,531.3,551.8,580.5,611.4,638.4,710.2,743.2,773.7,798.9,811.4,671.0,668.0,665.6,663.3,620.5,640.1,660.2,681.9,701.2,559.2,577.8,599.3,617.8,597.3,575.9,713.8,735.1,756.8,773.1,756.1,734.6,587.0,610.7,636.8,655.9,677.3,703.6,723.4,700.2,673.6,650.6,630.2,606.0,597.6,635.9,655.2,676.8,712.1,675.1,653.0,633.1,318.0,368.7,418.8,469.4,518.8,566.5,609.0,642.7,654.7,648.0,619.9,583.4,541.3,497.6,453.4,410.0,368.2,274.9,248.7,237.0,240.6,254.6,261.3,256.2,260.7,276.5,302.9,321.1,352.9,383.8,415.7,437.1,445.3,453.6,448.8,442.8,326.4,317.4,319.6,330.7,335.2,333.9,340.3,333.1,336.1,347.1,350.8,348.4,512.0,491.0,483.6,489.7,487.4,498.1,520.5,543.7,552.2,553.0,549.6,537.9,512.8,501.0,503.9,503.8,520.2,531.0,532.7,529.3,-57.9,-58.6,-57.3,-54.1,-47.9,-38.6,-28.4,-14.7,3.3,21.6,37.4,51.2,61.1,67.9,73.2,77.5,80.8,-42.5,-34.4,-23.0,-11.0,-0.6,26.9,39.7,51.7,61.8,67.0,11.9,10.7,9.7,8.8,-7.5,0.0,7.7,16.0,23.4,-31.4,-24.1,-15.8,-8.6,-16.5,-24.9,28.6,36.9,45.3,51.7,45.0,36.6,-20.6,-11.3,-1.2,6.1,14.2,24.4,32.4,23.2,12.8,4.1,-3.7,-13.0,-16.4,-1.6,5.8,14.1,28.0,13.5,5.0,-2.6,-17.0,3.5,23.9,44.3,63.9,82.6,99.0,111.2,115.5,113.2,102.9,88.9,72.2,54.7,37.1,19.9,3.3,-33.3,-43.4,-47.6,-45.9,-40.4,-37.8,-39.9,-38.4,-32.5,-22.3,-14.9,-2.7,9.0,21.0,29.6,32.6,35.7,33.9,31.6,-13.1,-16.5,-15.7,-11.3,-9.6,-10.1,-7.6,-10.4,-9.3,-5.0,-3.6,-4.5,59.1,50.3,47.2,49.5,48.6,53.0,62.4,70.7,73.5,73.8,72.5,68.3,59.2,54.0,55.0,55.0,62.1,65.5,66.1,64.9,1213.3,1214.9,1215.9,1214.5,1208.0,1199.9,1192.1,1180.1,1175.6,1178.8,1187.2,1194.2,1194.2,1191.6,1190.4,1192.9,1197.3,1173.1,1168.7,1160.7,1154.0,1150.4,1148.2,1154.4,1160.4,1166.9,1172.8,1151.6,1145.1,1138.8,1132.9,1151.8,1147.4,1143.4,1144.0,1146.8,1168.0,1164.2,1162.6,1161.0,1162.3,1163.8,1161.6,1162.8,1163.2,1166.6,1162.5,1161.4,1165.9,1151.4,1146.0,1144.6,1145.0,1152.1,1167.0,1155.3,1148.2,1146.3,1147.4,1152.5,1163.4,1148.1,1146.8,1147.7,1164.0,1150.2,1148.6,1149.9,2.574,0.081,0.077,0.08,661.7510000000001,431.98900000000003,-35.623000000000005,21.579,-4.28,21.480999999999998,-3.5210000000000004,-10.017000000000001,2.397,7.601,-10.01,2.667,-20.956,3.5260000000000002,-6.6770000000000005,-1.337,6.091,-4.07,-5.757999999999999,-2.862,0.563,-4.566,-1.7380000000000002,4.999,4.357,-7.1339999999999995,-2.708,1.3119999999999998,1.7069999999999999,1.349,-0.156,0.264,0.6459999999999999,-0.716,0.504,-0.09,2.96,4.04,0.0,1.42,0.57,1.49,0.0,1.47,1.04,0.82,1.03,0.22,0.3,0.0,2.2,1.64,1.33,1.0,1.0,0.0,1.0,1.0,0.0,0.0,1.0,1.0,1.0,1.0,0.0,0.0,1.0,1.0,1.0,0.0,0.0
55,1.8019999999999998,0.98,0.05783200000000001,0.203914,-0.9772790000000001,-0.151523,0.198157,-0.9683879999999999,-0.048,0.204,575.5,582.1,595.0,606.7,610.3,604.6,590.8,579.2,562.6,569.4,578.4,589.4,601.4,610.8,617.1,608.8,598.1,586.6,576.3,568.2,586.3,592.1,598.5,601.8,600.1,594.2,587.8,584.5,726.2,731.9,744.2,755.8,759.9,754.1,741.9,729.3,716.8,725.4,736.4,748.5,759.3,768.0,774.3,767.8,758.7,747.8,736.2,725.2,737.0,742.1,747.6,750.1,748.3,743.2,737.8,735.2,334.2,322.7,318.8,324.8,337.1,349.7,352.5,346.5,337.4,332.4,329.3,328.6,331.1,336.5,344.4,345.8,345.4,344.5,343.0,340.8,341.9,344.9,342.9,337.2,331.0,328.0,329.9,335.7,348.8,337.7,334.4,340.7,352.9,364.0,367.3,362.0,354.3,348.9,345.6,345.2,348.1,353.1,358.9,360.5,360.4,359.5,358.3,357.2,356.2,359.0,357.5,352.6,347.2,344.4,345.9,350.8,-23.9,-21.4,-16.7,-12.3,-11.0,-13.1,-18.1,-22.5,-28.7,-26.2,-22.8,-18.7,-14.3,-10.8,-8.5,-11.5,-15.4,-19.7,-23.5,-26.6,-19.9,-17.7,-15.3,-14.1,-14.8,-16.9,-19.3,-20.5,31.5,33.7,38.2,42.4,43.9,41.7,37.2,32.6,28.1,31.2,35.2,39.6,43.6,46.9,49.4,46.8,43.4,39.3,35.1,31.1,35.5,37.4,39.4,40.3,39.7,37.8,35.8,34.8,-9.5,-13.8,-15.2,-13.0,-8.5,-3.8,-2.8,-5.0,-8.4,-10.2,-11.4,-11.6,-10.7,-8.7,-5.8,-5.2,-5.4,-5.7,-6.3,-7.1,-6.7,-5.6,-6.3,-8.4,-10.7,-11.8,-11.1,-9.0,-4.1,-8.2,-9.4,-7.1,-2.6,1.5,2.7,0.7,-2.1,-4.1,-5.3,-5.4,-4.3,-2.5,-0.4,0.2,0.1,-0.2,-0.6,-1.0,-1.4,-0.4,-0.9,-2.7,-4.7,-5.7,-5.2,-3.4,1110.1,1111.2,1111.1,1110.0,1108.4,1107.5,1107.4,1108.6,1113.9,1112.0,1109.6,1108.4,1108.1,1108.2,1108.7,1107.6,1106.8,1106.9,1108.8,1111.5,1109.8,1109.2,1109.1,1109.7,1110.4,1111.0,1111.1,1110.5,1096.5,1098.3,1099.5,1099.4,1098.0,1096.3,1095.1,1095.3,1096.5,1095.8,1095.5,1095.9,1097.5,1100.1,1102.6,1099.3,1096.2,1094.3,1094.1,1095.1,1097.2,1097.1,1097.6,1098.4,1099.0,1099.1,1098.5,1097.7,8.8,32.4,1154.6,0.065,0.07200000000000001,0.08,497.3,495.6,499.3,507.8,523.7,547.8,572.7,606.1,650.1,695.1,733.6,767.5,793.1,811.5,825.7,836.2,843.8,532.1,552.4,581.4,612.7,639.9,711.7,744.6,775.1,800.4,812.7,672.5,669.5,667.2,664.9,622.0,641.6,661.6,683.2,702.6,560.1,578.7,600.5,618.9,598.3,576.7,715.4,736.8,758.7,774.8,757.9,736.2,588.7,612.2,638.1,657.3,678.6,704.9,724.2,701.2,674.7,651.7,631.2,607.4,599.4,637.1,656.5,678.1,712.7,676.3,654.2,634.3,325.0,376.3,427.5,479.4,530.4,579.5,623.1,657.3,669.1,661.8,632.5,595.2,552.9,509.3,464.3,419.8,376.7,286.3,259.5,247.8,251.8,266.2,273.1,267.6,271.9,287.8,314.5,332.7,364.8,396.0,428.3,449.7,457.9,466.3,461.6,455.7,337.4,328.5,330.8,342.1,346.7,345.3,351.6,344.4,347.5,358.5,362.6,360.0,525.3,504.7,497.2,503.4,501.1,511.8,533.9,557.8,566.4,567.3,563.7,551.6,526.2,515.3,518.3,518.1,533.7,544.1,545.9,542.3,-57.5,-58.3,-56.9,-53.4,-46.7,-36.7,-26.7,-13.3,3.9,21.6,37.0,50.6,60.7,67.9,73.4,77.7,80.9,-42.0,-34.0,-22.5,-10.5,-0.1,27.3,40.1,52.0,62.1,67.2,12.4,11.2,10.3,9.4,-6.9,0.6,8.2,16.4,23.8,-31.0,-23.7,-15.3,-8.1,-16.1,-24.5,29.1,37.4,45.8,52.2,45.5,37.1,-19.9,-10.7,-0.7,6.6,14.7,24.8,32.7,23.5,13.2,4.5,-3.4,-12.5,-15.7,-1.1,6.3,14.5,28.1,13.9,5.4,-2.2,-14.1,6.6,27.3,48.2,68.4,87.5,104.3,116.8,121.0,118.5,107.6,93.4,76.5,59.1,41.2,23.7,6.7,-28.7,-39.0,-43.2,-41.4,-35.9,-33.1,-35.4,-33.9,-28.0,-17.7,-10.4,1.8,13.6,25.7,34.3,37.3,40.4,38.6,36.5,-8.7,-12.2,-11.3,-6.9,-5.1,-5.7,-3.3,-6.0,-4.8,-0.6,1.0,0.0,64.0,55.4,52.2,54.6,53.7,58.1,67.5,76.0,78.8,79.1,77.7,73.4,64.3,59.3,60.4,60.3,67.2,70.4,71.0,69.7,1208.1,1210.6,1212.5,1211.4,1204.4,1196.0,1188.7,1178.1,1174.3,1177.4,1184.8,1191.1,1190.4,1187.4,1185.9,1188.0,1191.7,1167.7,1163.3,1155.4,1149.3,1146.3,1144.3,1150.1,1155.8,1162.0,1167.6,1147.4,1140.9,1134.8,1129.0,1148.0,1143.7,1139.9,1140.6,1143.3,1163.0,1159.3,1157.8,1156.2,1157.7,1159.0,1157.1,1158.3,1158.7,1162.1,1158.2,1157.1,1162.3,1147.9,1142.6,1141.5,1141.9,1149.0,1163.9,1152.7,1145.8,1143.7,1144.7,1149.4,1159.8,1145.0,1143.9,1144.8,1160.8,1147.4,1145.7,1146.8,2.582,0.1,0.077,0.079,663.0319999999999,444.166,-38.84,23.354,-5.222,23.186999999999998,-3.378,-9.722999999999999,3.327,7.2410000000000005,-9.396,0.311,-21.912,4.198,-6.007000000000001,-1.5119999999999998,4.487,-4.355,-7.164,-2.91,1.7480000000000002,-5.167000000000001,-2.728,4.011,4.657,-6.942,-2.444,1.274,2.056,1.182,-0.048,0.252,0.652,-0.65,0.511,-0.129,3.08,4.11,0.0,1.6,0.47,1.36,0.0,1.28,0.96,0.93,0.88,0.41,0.28,0.0,2.08,2.13,1.28,1.0,1.0,0.0,1.0,1.0,1.0,0.0,1.0,1.0,0.0,1.0,0.0,0.0,1.0,1.0,1.0,0.0,0.0
56,1.835,0.93,0.082045,0.210632,-0.974116,-0.155859,0.198283,-0.967673,-0.038,0.20800000000000002,577.7,584.0,596.8,608.6,612.5,607.0,593.3,581.5,564.1,570.6,579.5,590.7,603.1,612.9,619.5,610.7,599.6,587.8,577.5,569.4,589.0,594.6,600.7,603.8,602.0,596.3,590.2,587.1,727.9,733.7,746.2,757.9,762.0,756.1,743.7,731.0,719.3,727.7,738.3,750.5,761.3,770.1,776.6,770.1,761.1,750.2,738.5,727.5,738.7,744.1,749.7,752.4,750.5,745.2,739.5,736.8,340.8,328.8,324.4,330.1,342.6,355.7,359.1,353.3,343.5,338.0,334.6,333.7,336.4,342.1,350.1,351.5,351.0,350.1,348.7,346.7,347.9,350.7,348.6,342.8,336.8,334.1,336.2,341.9,354.9,344.0,340.6,346.8,359.0,369.9,373.3,368.0,360.1,354.5,351.2,350.7,353.6,358.6,364.7,366.5,366.5,365.7,364.4,363.2,362.5,365.3,363.8,358.8,353.2,350.4,351.9,356.9,-22.5,-20.2,-15.6,-11.3,-9.9,-11.9,-16.8,-21.1,-27.5,-25.1,-21.8,-17.7,-13.3,-9.8,-7.4,-10.5,-14.5,-18.8,-22.6,-25.5,-18.4,-16.4,-14.2,-13.1,-13.7,-15.8,-18.0,-19.1,32.1,34.3,38.9,43.2,44.6,42.4,37.8,33.2,29.0,32.0,35.9,40.3,44.3,47.7,50.1,47.6,44.2,40.2,35.9,31.9,36.1,38.0,40.1,41.1,40.4,38.5,36.4,35.4,-6.9,-11.3,-12.9,-10.8,-6.3,-1.5,-0.3,-2.4,-6.0,-8.0,-9.2,-9.5,-8.5,-6.5,-3.6,-3.1,-3.2,-3.6,-4.1,-4.8,-4.4,-3.4,-4.1,-6.2,-8.4,-9.4,-8.6,-6.5,-1.9,-5.9,-7.1,-4.8,-0.4,3.6,4.8,2.9,0.0,-2.0,-3.2,-3.4,-2.3,-0.5,1.7,2.4,2.4,2.1,1.6,1.2,0.9,1.9,1.4,-0.4,-2.5,-3.5,-2.9,-1.1,1083.0,1083.8,1083.4,1082.1,1080.8,1080.2,1080.4,1081.6,1087.8,1085.4,1082.5,1080.9,1080.3,1080.4,1080.9,1080.0,1079.4,1079.9,1082.0,1085.0,1082.6,1082.0,1081.8,1082.2,1082.8,1083.4,1083.6,1083.3,1095.4,1097.3,1098.4,1098.1,1096.5,1094.7,1093.6,1094.0,1095.4,1094.8,1094.6,1095.0,1096.3,1098.7,1101.0,1097.8,1094.8,1093.0,1092.8,1093.9,1095.8,1095.7,1096.2,1097.0,1097.7,1097.9,1097.3,1096.5,9.4,34.7,1159.6,0.054000000000000006,0.06,0.083,497.5,496.0,499.9,508.5,524.8,549.1,573.5,606.5,649.9,694.3,732.5,766.4,792.4,811.1,825.5,836.2,844.0,533.1,553.9,583.6,615.2,642.6,714.3,747.0,777.2,802.5,814.7,674.9,672.1,669.9,667.8,624.3,643.9,663.9,685.4,704.6,561.4,580.3,602.3,620.7,600.0,578.1,717.7,739.0,761.0,776.9,760.3,738.5,590.2,614.2,640.1,659.3,680.7,706.6,725.4,702.6,676.3,653.4,632.8,609.2,601.0,638.8,658.4,680.0,714.0,678.1,656.0,636.0,331.3,382.9,434.2,486.0,536.8,585.4,628.7,662.6,674.3,667.6,638.7,601.6,559.3,515.6,470.6,426.1,383.0,292.5,265.6,254.0,257.9,272.2,279.2,273.6,277.9,293.5,320.3,338.1,370.3,401.8,434.3,455.5,463.7,472.1,467.4,461.6,343.1,333.9,336.2,347.7,352.5,351.0,357.4,350.0,353.1,364.3,368.5,366.0,529.9,509.6,502.4,508.7,506.5,517.2,539.2,562.1,570.3,571.0,567.3,555.4,530.9,520.5,523.7,523.6,538.9,548.0,549.7,546.0,-57.6,-58.3,-56.8,-53.3,-46.4,-36.3,-26.4,-13.2,3.9,21.4,36.7,50.4,60.7,68.0,73.7,78.1,81.4,-41.8,-33.5,-21.8,-9.6,1.0,28.5,41.2,53.1,63.3,68.4,13.4,12.3,11.4,10.5,-6.0,1.5,9.1,17.4,24.7,-30.6,-23.2,-14.6,-7.5,-15.5,-24.0,30.1,38.4,47.0,53.3,46.7,38.2,-19.4,-9.9,0.0,7.4,15.6,25.6,33.3,24.1,13.9,5.1,-2.7,-11.9,-15.1,-0.4,7.0,15.3,28.8,14.6,6.1,-1.6,-11.6,9.3,30.1,51.0,71.2,90.1,106.8,119.3,123.5,121.2,110.5,96.3,79.4,61.9,43.9,26.3,9.2,-26.4,-36.8,-41.0,-39.3,-33.7,-31.0,-33.3,-31.8,-25.9,-15.5,-8.4,3.9,15.9,28.1,36.7,39.7,42.8,41.0,38.9,-6.6,-10.1,-9.2,-4.8,-2.9,-3.5,-1.0,-3.9,-2.7,1.7,3.3,2.3,66.1,57.5,54.5,56.9,56.0,60.5,69.8,78.0,80.7,80.8,79.4,75.2,66.3,61.5,62.7,62.7,69.5,72.2,72.8,71.4,1212.4,1214.6,1216.3,1215.0,1207.8,1199.4,1192.5,1182.2,1178.7,1182.0,1189.5,1196.0,1195.4,1192.5,1191.4,1193.7,1197.5,1172.7,1168.4,1160.7,1154.8,1151.9,1150.2,1156.0,1161.8,1168.0,1173.7,1152.9,1146.4,1140.4,1134.6,1153.2,1148.9,1145.1,1145.8,1148.7,1168.0,1164.5,1163.1,1161.4,1162.8,1164.1,1162.8,1164.1,1164.6,1167.9,1164.0,1162.8,1166.7,1152.8,1147.8,1146.7,1147.2,1154.2,1168.8,1157.6,1150.7,1148.6,1149.4,1154.0,1164.2,1150.0,1149.0,1150.0,1165.7,1152.4,1150.6,1151.6,2.571,0.091,0.064,0.083,664.5319999999999,449.722,-40.359,22.555,-5.93,22.754,-2.435,-8.628,2.481,6.7860000000000005,-9.36,-0.7759999999999999,-21.956999999999997,4.316,-6.257999999999999,-0.596,4.604,-4.956,-7.497000000000001,-2.608,1.905,-5.059,-3.0210000000000004,3.99,5.09,-6.607,-2.12,1.063,1.768,1.2229999999999999,-0.204,0.161,0.5529999999999999,-0.574,0.444,-0.126,3.1,4.1,0.0,1.43,0.48,1.46,0.0,1.22,0.97,0.83,0.73,0.46,0.3,0.0,2.04,2.2,1.22,1.0,1.0,0.0,1.0,1.0,1.0,0.0,1.0,1.0,0.0,1.0,0.0,0.0,1.0,1.0,1.0,0.0,0.0
57,1.869,0.98,0.092779,0.200371,-0.975317,-0.149949,0.177814,-0.9725729999999999,-0.028999999999999998,0.192,579.4,585.8,598.6,610.5,614.4,608.9,595.1,583.3,565.8,572.5,581.5,592.2,604.2,614.0,620.8,612.2,601.4,589.9,579.5,571.3,590.9,596.4,602.3,605.2,603.5,598.0,592.1,589.2,729.3,735.2,747.6,759.3,763.4,757.5,745.1,732.4,720.4,729.0,739.9,752.0,762.7,771.6,778.2,771.6,762.4,751.4,739.7,728.7,740.2,745.5,751.1,753.7,751.9,746.6,741.0,738.3,338.1,326.3,321.9,327.5,339.8,352.8,356.0,350.4,340.7,335.4,331.8,331.0,333.6,339.4,347.7,348.7,348.1,347.0,345.7,343.9,345.0,347.6,345.6,340.2,334.5,332.0,334.0,339.4,351.9,341.1,337.8,344.0,356.1,366.9,370.2,365.0,357.4,352.0,348.7,348.3,351.1,356.1,362.0,363.7,363.5,362.6,361.4,360.3,359.5,362.3,360.8,355.9,350.4,347.6,349.1,354.0,-22.1,-19.8,-15.1,-10.8,-9.3,-11.3,-16.3,-20.7,-27.2,-24.7,-21.4,-17.4,-13.0,-9.5,-7.0,-10.1,-14.0,-18.3,-22.1,-25.1,-17.9,-15.9,-13.8,-12.7,-13.3,-15.3,-17.5,-18.6,32.6,34.8,39.3,43.6,45.0,42.8,38.3,33.7,29.3,32.4,36.4,40.8,44.8,48.1,50.7,48.1,44.6,40.5,36.3,32.3,36.5,38.5,40.5,41.5,40.9,38.9,36.9,35.9,-8.0,-12.3,-13.9,-11.9,-7.3,-2.6,-1.4,-3.5,-7.1,-9.0,-10.3,-10.6,-9.6,-7.5,-4.5,-4.1,-4.3,-4.7,-5.2,-5.9,-5.5,-4.5,-5.2,-7.2,-9.3,-10.2,-9.5,-7.5,-2.9,-6.9,-8.1,-5.9,-1.4,2.5,3.7,1.8,-1.0,-2.9,-4.1,-4.3,-3.3,-1.4,0.7,1.3,1.3,0.9,0.5,0.1,-0.2,0.8,0.3,-1.5,-3.5,-4.5,-4.0,-2.2,1095.6,1096.7,1096.5,1095.2,1093.6,1092.6,1092.6,1093.9,1100.0,1097.8,1095.1,1093.7,1093.1,1093.0,1093.3,1092.4,1091.8,1092.2,1094.2,1097.3,1095.1,1094.5,1094.4,1094.9,1095.7,1096.3,1096.4,1095.9,1094.0,1095.9,1097.0,1096.7,1095.1,1093.2,1092.0,1092.5,1094.0,1093.3,1093.1,1093.4,1094.8,1097.3,1099.7,1096.3,1093.3,1091.5,1091.4,1092.4,1094.3,1094.2,1094.7,1095.6,1096.3,1096.4,1095.9,1095.0,9.9,33.7,1161.1,0.037000000000000005,0.052000000000000005,0.086,497.9,496.3,500.0,508.8,525.6,550.5,575.0,607.4,650.1,694.1,732.0,765.7,791.9,811.1,825.8,836.5,844.2,534.3,555.5,585.5,617.0,644.2,716.6,748.9,778.9,804.0,816.1,677.0,674.2,672.0,669.9,625.7,645.4,665.5,687.2,706.3,562.9,582.1,604.0,622.4,601.6,579.7,719.0,740.4,762.4,778.2,761.6,739.9,590.4,615.0,641.3,660.7,682.6,708.4,727.0,704.0,677.5,654.2,633.4,609.5,601.2,639.9,659.6,681.7,715.8,679.6,657.0,636.7,330.9,382.8,434.6,486.7,537.1,585.1,627.4,660.0,671.2,664.8,636.4,600.0,558.3,515.0,470.3,426.0,383.2,290.4,263.5,251.7,255.6,269.9,276.6,271.1,275.5,291.4,318.4,335.1,367.1,398.3,430.6,451.8,459.9,468.2,463.6,458.0,340.4,331.3,333.6,344.9,349.4,348.0,354.7,347.5,350.5,361.8,365.6,363.0,525.1,504.8,497.7,504.1,502.0,512.9,535.2,558.0,566.1,566.8,562.8,550.6,526.2,515.6,518.8,518.8,534.9,544.1,545.8,542.1,-57.5,-58.3,-56.8,-53.2,-46.1,-35.8,-25.8,-12.9,4.0,21.3,36.5,50.2,60.6,68.1,73.9,78.4,81.8,-41.4,-33.0,-21.2,-8.9,1.6,29.4,42.1,54.0,64.1,69.1,14.2,13.1,12.2,11.3,-5.5,2.1,9.7,18.0,25.4,-30.1,-22.5,-14.0,-6.8,-14.9,-23.4,30.7,39.1,47.6,53.9,47.3,38.8,-19.3,-9.6,0.5,7.9,16.3,26.3,33.9,24.7,14.4,5.5,-2.5,-11.7,-15.1,-0.0,7.5,16.0,29.5,15.2,6.5,-1.3,-11.8,9.2,30.3,51.4,71.4,90.0,106.3,118.2,122.3,120.1,109.6,95.8,79.1,61.7,43.9,26.3,9.3,-27.3,-37.7,-42.0,-40.3,-34.7,-32.1,-34.3,-32.8,-26.8,-16.3,-9.6,2.7,14.6,26.7,35.3,38.3,41.3,39.6,37.6,-7.7,-11.2,-10.3,-5.9,-4.1,-4.7,-2.1,-4.9,-3.7,0.7,2.2,1.2,64.3,55.7,52.8,55.1,54.4,58.9,68.4,76.5,79.1,79.2,77.8,73.4,64.6,59.7,60.9,61.0,68.1,70.8,71.3,70.0,1215.1,1216.8,1218.1,1216.4,1208.8,1200.0,1192.7,1182.2,1178.8,1182.2,1190.2,1197.1,1196.8,1194.5,1194.0,1196.9,1201.4,1175.2,1171.1,1163.6,1157.7,1154.6,1153.0,1159.1,1165.1,1171.6,1177.4,1155.3,1148.5,1142.2,1136.1,1154.6,1150.1,1146.3,1147.2,1150.2,1170.2,1166.7,1165.4,1163.7,1164.9,1166.1,1165.3,1166.9,1167.4,1170.7,1166.6,1165.3,1168.3,1154.5,1149.3,1148.1,1148.8,1156.0,1170.7,1159.1,1151.8,1149.6,1150.5,1155.3,1165.8,1151.4,1150.3,1151.5,1167.6,1153.8,1151.9,1152.9,2.5669999999999997,0.07200000000000001,0.055999999999999994,0.086,665.688,446.905,-39.427,23.035,-3.3110000000000004,22.125999999999998,-1.042,-7.392,2.9210000000000003,6.734,-10.027999999999999,-0.873,-21.388,4.647,-5.95,-0.298,4.848,-4.787,-7.446000000000001,-2.406,1.3259999999999998,-5.228,-3.034,3.826,5.355,-6.635,-1.7109999999999999,0.868,2.19,1.015,-0.14800000000000002,0.205,0.601,-0.5670000000000001,0.42,-0.07,3.12,4.07,0.0,1.45,0.55,1.47,0.0,1.22,1.07,0.7,0.59,0.48,0.17,0.0,2.01,2.28,1.2,1.0,1.0,0.0,1.0,1.0,1.0,0.0,1.0,1.0,0.0,1.0,0.0,0.0,1.0,1.0,1.0,0.0,1.0
58,1.902,0.98,0.095828,0.181662,-0.9786809999999999,-0.150853,0.16038,-0.97546,-0.027999999999999997,0.17300000000000001,580.3,586.7,599.5,611.3,615.1,609.5,595.9,584.1,566.3,573.0,582.2,593.1,605.2,614.9,621.5,613.1,602.2,590.6,580.1,571.8,591.6,597.1,603.0,606.0,604.2,598.8,592.8,589.9,729.6,735.5,748.0,759.9,764.1,758.2,745.7,732.8,721.0,729.5,740.5,752.5,763.2,772.2,778.8,772.2,762.9,751.8,740.1,729.1,740.8,746.0,751.6,754.2,752.3,747.1,741.5,738.9,331.0,319.3,315.2,320.9,333.2,346.0,349.0,343.3,333.8,328.6,325.3,324.5,327.1,332.7,340.7,342.0,341.5,340.5,339.1,337.1,338.1,340.7,338.8,333.4,327.7,325.0,327.0,332.4,345.2,334.5,331.3,337.4,349.3,359.9,363.2,358.1,350.6,345.1,341.8,341.6,344.4,349.7,355.7,357.2,356.7,355.7,354.5,353.5,352.7,355.4,354.0,349.2,344.0,341.3,342.7,347.4,-21.9,-19.5,-14.8,-10.5,-9.1,-11.1,-16.1,-20.4,-27.1,-24.6,-21.2,-17.1,-12.7,-9.2,-6.7,-9.8,-13.8,-18.0,-21.9,-25.0,-17.7,-15.7,-13.5,-12.4,-13.1,-15.1,-17.3,-18.4,32.6,34.8,39.4,43.7,45.1,42.9,38.3,33.7,29.4,32.5,36.5,40.9,44.8,48.2,50.7,48.1,44.6,40.5,36.3,32.3,36.6,38.5,40.6,41.6,40.9,39.0,37.0,36.0,-10.6,-14.9,-16.4,-14.3,-9.8,-5.1,-4.0,-6.1,-9.6,-11.5,-12.7,-13.0,-12.0,-10.0,-7.0,-6.6,-6.8,-7.1,-7.6,-8.4,-8.0,-7.0,-7.7,-9.7,-11.8,-12.8,-12.1,-10.1,-5.4,-9.3,-10.5,-8.2,-3.9,-0.0,1.1,-0.7,-3.4,-5.4,-6.6,-6.7,-5.7,-3.8,-1.6,-1.0,-1.2,-1.6,-2.0,-2.4,-2.7,-1.7,-2.2,-3.9,-5.8,-6.8,-6.3,-4.6,1098.3,1099.3,1099.3,1098.2,1096.6,1095.6,1095.5,1096.7,1102.6,1100.5,1097.9,1096.5,1096.1,1096.1,1096.6,1095.6,1094.8,1095.1,1097.0,1100.0,1097.9,1097.4,1097.3,1097.9,1098.6,1099.1,1099.1,1098.6,1090.2,1092.4,1093.6,1093.1,1091.2,1089.0,1087.8,1088.4,1090.0,1089.6,1089.4,1089.7,1091.0,1093.2,1095.3,1092.1,1089.1,1087.3,1087.3,1088.4,1090.4,1090.2,1090.7,1091.7,1092.5,1092.7,1092.2,1091.3,10.0,31.1,1163.0,0.018000000000000002,0.051,0.08800000000000001,498.8,497.0,500.5,509.2,525.8,550.4,574.7,606.8,649.6,693.8,731.9,765.9,792.0,811.3,825.9,836.5,844.1,535.5,557.1,586.8,618.0,644.8,717.4,749.4,779.2,804.2,816.4,677.8,674.8,672.6,670.4,626.0,645.7,665.9,687.6,706.9,563.5,582.8,604.7,623.2,602.3,580.4,719.5,740.9,762.9,778.8,762.1,740.4,589.4,614.5,641.4,660.9,683.0,709.3,728.4,704.7,677.6,654.1,633.0,608.7,600.2,639.9,659.8,682.1,717.3,679.8,657.0,636.5,327.9,379.4,431.0,482.7,532.4,579.3,620.7,652.4,663.5,657.5,629.8,594.2,552.9,510.1,466.0,422.3,380.2,283.1,256.9,245.2,248.7,262.9,269.5,264.2,268.8,284.6,311.5,327.9,359.7,390.7,422.8,444.5,452.4,460.6,456.2,450.8,333.8,324.6,326.9,338.2,342.6,341.1,348.1,340.8,343.8,355.3,358.9,356.2,517.2,496.5,489.5,495.8,493.7,505.1,527.9,550.9,559.0,559.6,555.6,543.0,518.3,507.6,510.9,510.9,527.6,536.8,538.3,534.6,-57.3,-58.1,-56.7,-53.1,-46.1,-35.9,-26.0,-13.1,3.8,21.2,36.5,50.3,60.7,68.3,74.1,78.6,82.0,-41.1,-32.5,-20.7,-8.5,1.9,29.8,42.4,54.2,64.3,69.4,14.6,13.4,12.4,11.5,-5.4,2.2,9.9,18.2,25.7,-29.9,-22.3,-13.7,-6.5,-14.7,-23.2,30.9,39.4,47.9,54.3,47.6,39.1,-19.7,-9.8,0.5,8.0,16.5,26.7,34.6,25.0,14.5,5.4,-2.7,-12.1,-15.5,-0.0,7.6,16.2,30.1,15.3,6.5,-1.3,-13.0,7.9,28.9,49.8,69.5,87.8,103.7,115.3,119.3,117.2,107.1,93.5,77.0,59.8,42.3,24.9,8.1,-30.2,-40.3,-44.7,-43.1,-37.5,-34.9,-37.1,-35.5,-29.5,-19.1,-12.4,-0.1,11.7,23.8,32.6,35.5,38.5,36.9,34.9,-10.2,-13.8,-12.9,-8.5,-6.8,-7.4,-4.6,-7.5,-6.3,-1.8,-0.4,-1.5,61.3,52.6,49.7,52.0,51.3,56.0,65.6,73.9,76.5,76.6,75.1,70.6,61.6,56.7,57.9,58.0,65.3,68.1,68.5,67.2,1217.9,1219.0,1219.9,1218.0,1210.3,1201.3,1193.4,1182.5,1178.8,1182.1,1190.6,1197.9,1198.0,1196.1,1196.0,1199.5,1204.6,1178.2,1174.5,1167.2,1161.2,1158.0,1156.5,1162.7,1168.7,1175.1,1180.5,1158.3,1151.2,1144.6,1138.3,1156.6,1152.1,1148.2,1149.2,1152.3,1173.2,1169.7,1168.4,1166.6,1167.7,1168.9,1168.2,1169.8,1170.3,1173.5,1169.2,1168.1,1170.5,1156.5,1150.9,1149.7,1150.4,1157.7,1172.4,1160.5,1153.0,1150.8,1151.8,1157.0,1167.9,1153.0,1151.8,1153.0,1169.5,1155.1,1153.2,1154.4,2.562,0.052000000000000005,0.054000000000000006,0.08800000000000001,666.025,440.18699999999995,-39.87,22.45,-1.966,21.464000000000002,-0.581,-7.221,2.545,7.456,-10.890999999999998,0.5429999999999999,-20.395,5.035,-5.8389999999999995,-0.02,4.835,-4.471,-6.872999999999999,-2.2769999999999997,1.228,-5.434,-2.801,3.696,5.566,-6.322,-1.693,1.021,2.202,0.7090000000000001,-0.141,0.151,0.5,-0.513,0.382,-0.083,3.05,4.1,0.0,1.33,0.63,1.53,0.0,1.26,1.18,0.57,0.5,0.37,0.12,0.0,2.11,2.3,1.21,1.0,1.0,0.0,1.0,1.0,1.0,0.0,1.0,1.0,1.0,1.0,0.0,0.0,1.0,1.0,1.0,0.0,1.0
59,1.935,0.98,0.089048,0.18495599999999998,-0.9787040000000001,-0.150515,0.159699,-0.9756239999999999,-0.031,0.175,580.3,586.5,599.3,611.1,615.1,609.7,596.0,584.2,566.6,573.3,582.4,593.1,605.1,615.0,621.8,613.4,602.6,590.9,580.4,572.0,591.8,597.2,603.1,606.0,604.2,598.7,592.9,590.0,729.7,735.4,747.7,759.2,763.3,757.6,745.4,732.9,721.0,729.5,740.4,752.3,762.9,771.5,777.8,771.3,762.4,751.6,740.0,729.1,740.6,745.7,751.1,753.7,751.8,746.7,741.3,738.7,326.4,314.7,310.3,315.8,328.1,341.0,344.3,338.7,328.9,323.8,320.3,319.5,322.2,327.9,336.0,337.0,336.3,335.3,333.9,332.1,333.3,335.9,333.9,328.4,322.8,320.2,322.2,327.6,340.2,329.2,325.9,332.0,344.1,355.0,358.4,353.2,345.4,340.0,336.8,336.6,339.4,344.3,350.0,351.6,351.4,350.5,349.2,348.2,347.5,350.2,348.7,343.8,338.5,335.8,337.3,342.1,-21.9,-19.6,-14.9,-10.6,-9.1,-11.1,-16.1,-20.4,-27.0,-24.5,-21.1,-17.1,-12.8,-9.1,-6.6,-9.7,-13.7,-17.9,-21.8,-24.9,-17.7,-15.7,-13.5,-12.5,-13.1,-15.1,-17.3,-18.3,33.2,35.3,39.9,44.2,45.7,43.5,38.9,34.3,29.9,33.1,37.1,41.5,45.5,48.8,51.2,48.7,45.3,41.2,36.9,32.9,37.2,39.1,41.1,42.1,41.4,39.5,37.5,36.5,-12.3,-16.6,-18.2,-16.2,-11.7,-6.9,-5.7,-7.8,-11.4,-13.3,-14.5,-14.8,-13.8,-11.7,-8.8,-8.4,-8.6,-9.0,-9.5,-10.2,-9.8,-8.8,-9.6,-11.5,-13.6,-14.6,-13.8,-11.8,-7.3,-11.4,-12.7,-10.4,-5.9,-1.9,-0.6,-2.5,-5.4,-7.4,-8.6,-8.7,-7.6,-5.8,-3.7,-3.1,-3.2,-3.5,-4.0,-4.4,-4.6,-3.6,-4.2,-6.0,-8.0,-9.0,-8.4,-6.6,1098.5,1099.5,1099.4,1098.2,1096.6,1095.7,1095.7,1096.9,1103.0,1100.9,1098.1,1096.7,1096.2,1096.2,1096.6,1095.6,1095.0,1095.3,1097.3,1100.3,1098.1,1097.5,1097.4,1097.9,1098.6,1099.2,1099.3,1098.8,1109.3,1111.1,1112.3,1112.1,1110.7,1108.9,1107.7,1108.0,1109.3,1108.7,1108.4,1108.8,1110.3,1112.8,1115.3,1112.0,1109.0,1107.1,1106.9,1107.9,1109.9,1109.8,1110.3,1111.1,1111.7,1111.8,1111.3,1110.5,10.0,29.1,1166.3,0.012,0.052000000000000005,0.08800000000000001,499.2,497.5,501.0,509.4,525.7,550.1,574.5,606.6,649.7,694.2,732.9,766.8,792.8,811.5,825.5,835.9,843.4,535.1,556.7,586.5,618.0,645.2,716.9,749.2,779.2,804.3,816.5,677.7,674.8,672.5,670.4,626.3,645.9,665.9,687.4,706.5,563.7,583.0,604.8,623.4,602.5,580.8,719.1,740.6,762.4,778.5,761.6,740.0,588.5,613.6,640.9,660.9,683.4,710.2,729.6,705.7,678.1,654.0,632.5,607.6,599.2,639.5,659.8,682.5,718.6,680.3,657.0,636.1,325.2,376.3,427.5,478.6,527.2,573.1,613.7,645.2,656.6,650.9,623.4,588.2,547.5,505.2,461.9,419.0,377.6,278.4,252.3,240.4,243.7,257.9,264.5,258.9,263.7,279.8,306.6,322.6,354.2,385.1,417.0,439.1,446.9,455.0,450.6,445.3,328.8,319.8,322.0,333.2,337.3,335.9,342.8,335.8,338.8,350.2,353.5,350.8,510.5,490.1,483.4,489.8,487.7,498.9,521.4,545.9,554.9,555.6,551.5,538.0,511.6,501.7,505.1,505.1,521.3,531.9,533.4,529.6,-57.3,-58.1,-56.7,-53.2,-46.2,-36.1,-26.1,-13.2,3.8,21.4,36.9,50.8,61.2,68.5,74.1,78.6,81.9,-41.3,-32.7,-20.9,-8.6,2.0,29.8,42.4,54.4,64.6,69.7,14.6,13.4,12.5,11.6,-5.3,2.3,9.9,18.2,25.6,-29.9,-22.3,-13.8,-6.5,-14.6,-23.1,30.9,39.3,47.9,54.3,47.5,39.1,-20.1,-10.2,0.4,8.0,16.7,27.2,35.1,25.5,14.7,5.4,-2.9,-12.5,-15.9,-0.2,7.6,16.4,30.7,15.6,6.5,-1.5,-14.2,6.6,27.5,48.3,67.6,85.5,101.1,112.6,116.7,114.8,104.8,91.3,75.0,58.0,40.7,23.7,7.1,-32.1,-42.3,-46.7,-45.2,-39.5,-36.9,-39.3,-37.6,-31.5,-21.1,-14.5,-2.2,9.6,21.7,30.6,33.5,36.5,34.8,32.9,-12.2,-15.7,-14.8,-10.5,-8.9,-9.4,-6.7,-9.5,-8.3,-3.8,-2.5,-3.6,58.9,50.3,47.5,49.9,49.1,53.7,63.2,72.1,75.1,75.3,73.7,68.9,59.2,54.6,55.9,55.9,63.0,66.4,66.9,65.5,1221.1,1222.2,1223.1,1221.4,1213.5,1204.1,1195.5,1184.2,1180.8,1184.4,1193.2,1200.6,1200.7,1199.0,1199.0,1202.8,1208.0,1182.3,1178.5,1171.1,1164.8,1161.3,1159.9,1166.2,1172.4,1178.9,1184.4,1161.8,1154.6,1148.0,1141.5,1159.8,1155.3,1151.4,1152.5,1155.6,1176.8,1173.3,1172.0,1170.4,1171.3,1172.5,1171.8,1173.4,1173.8,1177.0,1172.8,1171.8,1173.6,1159.7,1153.9,1152.6,1153.3,1160.5,1175.0,1163.7,1156.4,1154.2,1155.3,1160.5,1171.2,1156.2,1155.0,1156.2,1172.4,1158.4,1156.5,1157.7,2.555,0.044000000000000004,0.055,0.08800000000000001,666.0319999999999,434.926,-40.485,22.27,-0.7979999999999999,20.636,0.114,-7.84,2.07,8.567,-10.280999999999999,2.437,-19.682000000000002,3.41,-5.249,0.721,4.993,-4.173,-6.985,-2.35,0.831,-5.747000000000001,-2.209,3.2539999999999996,5.644,-5.4270000000000005,-1.844,1.163,2.0709999999999997,0.37200000000000005,-0.12300000000000001,0.26899999999999996,0.263,-0.467,0.312,-0.139,3.02,4.07,0.0,1.4,0.74,1.54,0.01,1.34,1.34,0.67,0.41,0.24,0.05,0.0,2.27,2.31,1.26,1.0,1.0,0.0,1.0,1.0,1.0,0.0,1.0,1.0,1.0,1.0,0.0,0.0,1.0,1.0,1.0,0.0,1.0
60,1.969,0.98,0.089548,0.182776,-0.979068,-0.145701,0.166228,-0.9752639999999999,-0.028999999999999998,0.177,579.9,586.1,598.8,610.6,614.5,609.1,595.6,583.8,566.1,572.7,581.9,592.7,604.7,614.6,621.3,612.9,602.2,590.6,580.0,571.6,591.3,596.7,602.6,605.5,603.7,598.2,592.4,589.5,729.0,734.8,747.2,758.9,763.0,757.2,744.8,732.1,719.9,728.5,739.5,751.5,762.0,770.8,777.2,770.7,761.6,750.6,739.0,728.0,740.0,745.1,750.5,753.1,751.3,746.2,740.7,738.2,323.7,312.0,307.7,313.3,325.5,338.4,341.6,336.0,326.4,321.3,317.9,317.1,319.8,325.5,333.6,334.5,333.7,332.6,331.3,329.5,330.6,333.2,331.2,325.8,320.1,317.5,319.5,324.9,337.0,326.1,322.8,329.1,341.2,352.1,355.4,350.1,342.7,337.3,334.0,333.6,336.3,341.2,346.9,348.4,348.1,347.2,346.2,345.3,344.4,347.2,345.8,341.0,335.7,332.9,334.4,339.1,-22.1,-19.8,-15.2,-10.8,-9.4,-11.3,-16.3,-20.6,-27.3,-24.8,-21.4,-17.4,-12.9,-9.3,-6.9,-9.9,-13.9,-18.1,-22.1,-25.2,-17.9,-15.9,-13.8,-12.7,-13.4,-15.4,-17.5,-18.6,32.7,34.9,39.5,43.8,45.2,43.0,38.4,33.8,29.3,32.5,36.5,40.9,44.8,48.2,50.7,48.1,44.7,40.5,36.3,32.3,36.8,38.6,40.6,41.6,41.0,39.1,37.1,36.1,-13.3,-17.7,-19.3,-17.2,-12.7,-7.9,-6.8,-8.8,-12.4,-14.3,-15.5,-15.8,-14.8,-12.7,-9.7,-9.4,-9.6,-10.0,-10.5,-11.3,-10.8,-9.9,-10.6,-12.6,-14.7,-15.6,-14.9,-12.9,-8.5,-12.5,-13.7,-11.4,-6.9,-2.9,-1.7,-3.6,-6.3,-8.3,-9.5,-9.7,-8.7,-6.9,-4.9,-4.3,-4.4,-4.7,-5.1,-5.4,-5.7,-4.7,-5.2,-7.0,-9.0,-10.0,-9.4,-7.7,1103.8,1104.7,1104.6,1103.5,1102.0,1101.2,1101.2,1102.3,1108.4,1106.2,1103.5,1102.0,1101.6,1101.7,1102.2,1101.2,1100.5,1100.8,1102.8,1105.7,1103.5,1103.0,1102.9,1103.3,1104.0,1104.5,1104.6,1104.2,1101.9,1103.9,1105.1,1104.9,1103.3,1101.3,1100.1,1100.5,1101.8,1101.3,1101.1,1101.5,1102.9,1105.4,1107.7,1104.5,1101.4,1099.6,1099.4,1100.4,1102.4,1102.3,1102.8,1103.7,1104.4,1104.5,1104.0,1103.1,10.1,28.0,1173.2,0.024,0.055,0.083,499.3,497.7,500.9,508.9,525.0,549.3,574.3,607.2,650.9,695.6,734.3,768.1,794.0,812.2,825.5,835.5,842.6,534.3,556.0,585.4,616.8,644.0,715.8,748.4,778.7,803.9,816.2,676.7,673.9,671.7,669.7,625.7,645.5,665.5,687.1,706.3,563.3,582.5,604.3,623.0,602.2,580.6,718.3,739.6,761.5,777.9,760.7,739.2,586.4,612.1,640.4,661.0,684.3,712.5,733.0,708.6,679.8,654.9,632.5,606.3,597.3,639.2,660.2,683.6,721.9,681.6,657.6,635.9,324.3,374.9,425.6,475.9,523.2,567.8,607.1,638.2,649.6,644.0,617.3,582.9,543.0,501.1,457.9,415.0,373.8,275.5,249.9,238.2,241.2,255.2,261.8,255.8,260.7,276.8,303.4,320.2,351.9,382.6,414.5,436.2,443.9,452.0,447.4,442.0,326.4,317.4,319.6,330.8,334.7,333.2,340.0,332.8,335.7,347.0,350.2,347.7,505.7,485.7,479.3,485.7,483.4,494.1,516.0,543.1,553.7,554.6,550.6,536.0,507.0,498.0,501.3,501.2,516.2,529.7,531.3,527.5,-57.5,-58.3,-57.0,-53.6,-46.8,-36.6,-26.3,-13.0,4.3,22.1,37.7,51.6,62.0,69.2,74.5,78.7,81.9,-41.9,-33.2,-21.4,-9.1,1.6,29.4,42.3,54.4,64.7,69.8,14.3,13.1,12.2,11.4,-5.6,2.1,9.9,18.2,25.7,-30.3,-22.6,-14.0,-6.7,-14.8,-23.3,30.7,39.1,47.8,54.4,47.4,38.9,-21.1,-10.9,0.1,8.1,17.1,28.2,36.7,26.8,15.4,5.8,-2.9,-13.1,-16.8,-0.3,7.8,16.9,32.2,16.2,6.8,-1.6,-14.6,6.1,26.9,47.4,66.4,83.9,99.0,110.4,114.6,112.8,102.9,89.7,73.7,56.7,39.3,22.2,5.6,-33.5,-43.5,-47.8,-46.4,-40.7,-38.1,-40.7,-39.0,-32.8,-22.4,-15.5,-3.2,8.7,20.9,29.6,32.5,35.5,33.8,31.8,-13.2,-16.7,-15.9,-11.4,-9.9,-10.5,-7.8,-10.7,-9.6,-5.1,-3.9,-4.8,57.4,48.9,46.2,48.6,47.7,52.2,61.5,71.5,75.2,75.4,73.9,68.6,57.8,53.5,54.7,54.7,61.4,65.9,66.5,65.0,1226.3,1227.7,1229.0,1227.7,1220.3,1210.9,1201.8,1190.3,1186.9,1190.9,1200.1,1207.4,1207.3,1205.2,1204.4,1207.9,1212.8,1188.3,1184.3,1176.9,1170.4,1166.8,1165.2,1171.4,1177.6,1184.0,1189.4,1167.8,1161.0,1154.7,1148.6,1166.5,1162.2,1158.5,1159.6,1162.5,1183.0,1179.5,1178.2,1176.8,1177.7,1178.8,1177.6,1179.1,1179.4,1182.5,1178.5,1177.6,1181.6,1167.1,1160.7,1159.3,1159.9,1167.3,1182.1,1171.2,1163.9,1161.7,1162.9,1168.6,1179.4,1163.3,1161.9,1162.9,1179.7,1165.6,1163.8,1165.2,2.541,0.055,0.059000000000000004,0.083,665.951,431.566,-43.706,20.858,1.433,17.338,0.7659999999999999,-8.362,0.623,10.212,-10.534,4.185,-18.949,1.051,-4.553999999999999,0.912,4.664,-2.861,-6.167000000000001,-3.338,1.1520000000000001,-5.757999999999999,-1.1840000000000002,2.886,5.0489999999999995,-5.003,-2.299,0.8440000000000001,1.4040000000000001,0.213,-0.273,0.349,0.136,-0.467,0.306,-0.08,2.94,3.97,0.0,1.35,0.85,1.62,0.01,1.39,1.5,0.75,0.23,0.1,0.05,0.0,2.46,2.21,1.34,1.0,1.0,0.0,1.0,1.0,1.0,0.0,1.0,1.0,1.0,1.0,0.0,0.0,1.0,1.0,1.0,0.0,1.0
61,2.002,0.98,0.081977,0.189054,-0.9785389999999999,-0.15313800000000002,0.176788,-0.9722629999999999,-0.036000000000000004,0.185,578.9,585.2,597.9,609.6,613.5,608.1,594.5,582.8,565.3,572.1,581.3,591.9,603.7,613.4,620.1,612.0,601.5,590.1,579.5,571.0,590.2,595.6,601.5,604.4,602.6,597.2,591.4,588.5,728.3,734.1,746.2,757.6,761.7,755.9,743.8,731.4,718.7,727.5,738.5,750.5,761.1,769.9,776.2,769.8,760.7,749.6,738.0,727.0,739.0,744.1,749.5,752.0,750.2,745.2,739.8,737.2,321.6,310.1,305.9,311.5,323.6,336.2,339.3,333.7,324.3,319.4,315.9,315.1,317.7,323.5,331.7,332.5,331.7,330.5,329.2,327.4,328.5,331.1,329.2,323.9,318.3,315.7,317.6,322.9,335.0,324.1,320.8,327.0,339.1,350.1,353.4,348.1,340.3,335.3,332.1,331.6,334.3,339.2,344.7,346.1,345.8,344.8,343.7,342.9,342.3,345.1,343.6,338.8,333.4,330.6,332.1,336.9,-22.7,-20.4,-15.7,-11.3,-9.8,-11.8,-16.9,-21.2,-27.9,-25.3,-21.8,-17.8,-13.5,-9.9,-7.4,-10.4,-14.3,-18.5,-22.5,-25.7,-18.5,-16.5,-14.3,-13.2,-13.9,-15.9,-18.1,-19.2,32.6,34.8,39.3,43.5,44.9,42.8,38.2,33.7,29.0,32.3,36.3,40.8,44.7,48.1,50.5,48.0,44.5,40.4,36.1,32.0,36.5,38.4,40.4,41.4,40.8,38.9,36.9,35.9,-14.3,-18.6,-20.1,-18.0,-13.5,-8.8,-7.7,-9.8,-13.3,-15.1,-16.4,-16.7,-15.7,-13.6,-10.5,-10.2,-10.5,-10.9,-11.4,-12.1,-11.7,-10.7,-11.5,-13.4,-15.5,-16.5,-15.8,-13.8,-9.2,-13.3,-14.5,-12.2,-7.7,-3.7,-2.4,-4.4,-7.3,-9.1,-10.3,-10.5,-9.5,-7.7,-5.7,-5.1,-5.2,-5.6,-6.0,-6.3,-6.5,-5.5,-6.0,-7.8,-9.8,-10.9,-10.3,-8.5,1115.4,1116.6,1116.6,1115.5,1113.8,1112.8,1112.6,1113.7,1119.5,1117.6,1115.0,1113.7,1113.4,1113.5,1113.9,1112.8,1112.1,1112.2,1114.0,1116.9,1115.0,1114.5,1114.5,1115.1,1115.8,1116.4,1116.3,1115.8,1106.6,1108.4,1109.5,1109.4,1108.2,1106.4,1105.3,1105.5,1106.8,1106.1,1105.8,1106.2,1107.8,1110.6,1113.3,1109.8,1106.6,1104.8,1104.5,1105.4,1107.3,1107.3,1107.8,1108.5,1109.1,1109.1,1108.6,1107.9,9.9,26.9,1177.1,0.038,0.065,0.079,498.8,497.0,499.8,507.7,524.1,549.6,576.0,609.2,652.9,697.3,735.9,769.4,795.1,813.0,825.6,835.2,841.9,533.3,555.2,584.3,615.5,643.0,714.6,747.2,777.4,802.8,815.2,675.9,672.9,670.6,668.6,624.5,644.5,664.6,686.4,705.7,562.5,581.8,603.4,622.0,601.3,579.9,717.3,738.6,760.4,777.1,759.7,738.3,583.0,609.7,639.3,660.3,683.9,713.6,736.1,710.0,679.8,654.4,631.5,603.9,593.7,638.4,659.7,683.5,724.9,681.6,657.1,635.1,320.9,371.8,422.8,473.6,520.8,565.0,603.2,633.3,643.9,637.7,610.7,577.1,538.3,497.3,454.8,412.6,371.8,273.2,248.0,236.3,239.0,253.1,259.6,253.7,258.8,274.8,300.9,318.1,349.7,380.3,412.1,433.6,441.3,449.4,444.7,439.3,324.3,315.6,317.8,329.0,332.5,330.9,338.0,330.8,333.6,344.7,347.7,345.3,500.0,481.8,476.2,482.5,480.1,490.0,510.2,539.6,551.4,552.6,548.6,533.2,501.8,494.6,497.9,497.4,511.1,527.2,529.0,525.3,-57.9,-58.7,-57.6,-54.4,-47.3,-36.6,-25.7,-12.3,5.1,22.8,38.5,52.2,62.6,69.6,74.7,78.7,81.8,-42.4,-33.6,-21.9,-9.6,1.2,29.0,41.9,54.0,64.4,69.6,14.0,12.8,11.8,11.0,-6.0,1.8,9.5,18.0,25.5,-30.6,-22.9,-14.4,-7.1,-15.2,-23.7,30.4,38.8,47.5,54.2,47.1,38.7,-22.6,-11.8,-0.3,7.9,17.0,28.7,38.0,27.4,15.5,5.6,-3.3,-14.1,-18.3,-0.6,7.7,16.9,33.5,16.2,6.7,-1.9,-16.0,4.8,25.8,46.7,65.7,83.1,97.7,108.8,112.7,110.6,100.6,87.6,71.9,55.3,38.1,21.2,4.8,-34.5,-44.3,-48.7,-47.3,-41.7,-39.1,-41.6,-39.8,-33.7,-23.5,-16.3,-4.0,7.8,20.0,28.7,31.6,34.6,32.8,30.8,-14.1,-17.5,-16.6,-12.2,-10.8,-11.5,-8.6,-11.5,-10.4,-6.0,-4.8,-5.8,55.4,47.6,45.1,47.5,46.6,50.8,59.5,70.4,74.5,74.9,73.4,67.8,56.0,52.4,53.6,53.5,59.7,65.2,65.8,64.4,1230.6,1232.3,1233.9,1232.9,1225.3,1215.5,1205.6,1193.9,1190.9,1195.0,1204.1,1211.0,1210.2,1207.9,1206.7,1210.3,1215.3,1191.5,1187.4,1180.0,1173.4,1169.5,1167.9,1174.1,1180.2,1186.2,1191.4,1170.6,1164.0,1157.7,1151.8,1169.9,1165.6,1161.9,1163.0,1165.8,1185.9,1182.5,1181.1,1179.9,1180.6,1181.7,1180.4,1181.8,1182.1,1185.0,1181.1,1180.3,1187.2,1172.0,1164.9,1163.4,1164.0,1171.6,1187.1,1176.1,1168.3,1166.1,1167.3,1173.8,1185.3,1167.5,1166.1,1167.1,1184.8,1170.0,1168.2,1169.6,2.5340000000000003,0.067,0.07,0.078,665.475,428.56199999999995,-44.68899999999999,22.926,5.058,13.331,2.11,-7.478,-0.027000000000000003,11.113,-11.26,5.867999999999999,-18.964000000000002,0.818,-3.8489999999999998,0.36,3.2039999999999997,-1.7619999999999998,-6.474,-3.2260000000000004,1.203,-5.475,-0.465,2.188,4.563,-4.425,-2.764,0.713,1.318,0.02,-0.215,0.32799999999999996,0.212,-0.462,0.26899999999999996,-0.142,2.84,3.84,0.0,1.32,1.02,1.59,0.01,1.5,1.64,0.95,0.12,0.03,0.12,0.0,2.64,2.05,1.37,1.0,1.0,0.0,1.0,1.0,1.0,0.0,1.0,1.0,1.0,1.0,0.0,0.0,1.0,1.0,1.0,0.0,1.0
62,2.035,0.98,0.07578700000000001,0.19658499999999998,-0.9775530000000001,-0.161295,0.177623,-0.9707899999999999,-0.044000000000000004,0.19,577.6,583.9,596.7,608.5,612.4,606.8,593.2,581.4,564.1,571.0,580.2,590.7,602.4,612.2,618.9,610.7,600.3,588.9,578.3,569.7,589.0,594.4,600.2,603.1,601.4,596.0,590.2,587.3,726.7,732.3,744.5,756.0,760.2,754.5,742.3,729.8,717.2,726.0,736.9,748.8,759.4,768.3,774.8,768.3,759.2,748.1,736.4,725.4,737.5,742.6,748.0,750.5,748.7,743.6,738.2,735.6,320.9,309.5,305.3,310.9,322.8,335.4,338.4,332.8,323.5,318.7,315.1,314.4,317.0,322.7,330.9,331.6,330.7,329.4,328.2,326.5,327.8,330.3,328.4,323.2,317.7,315.2,317.1,322.3,334.2,323.4,320.0,326.1,338.1,348.9,352.2,347.1,339.6,334.6,331.4,330.9,333.5,338.3,343.8,345.1,344.7,343.8,342.8,342.1,341.5,344.2,342.7,337.9,332.6,329.9,331.4,336.2,-23.2,-20.9,-16.1,-11.7,-10.3,-12.3,-17.3,-21.7,-28.3,-25.7,-22.2,-18.3,-13.9,-10.3,-7.8,-10.8,-14.7,-18.9,-22.9,-26.1,-18.9,-16.9,-14.8,-13.7,-14.4,-16.4,-18.5,-19.6,32.0,34.2,38.7,43.0,44.5,42.3,37.8,33.2,28.6,31.8,35.8,40.2,44.2,47.6,50.1,47.5,44.0,39.9,35.6,31.5,36.1,37.9,40.0,40.9,40.3,38.4,36.3,35.4,-14.5,-18.8,-20.3,-18.3,-13.8,-9.1,-8.0,-10.1,-13.6,-15.4,-16.7,-16.9,-15.9,-13.8,-10.8,-10.5,-10.9,-11.3,-11.8,-12.5,-12.0,-11.0,-11.7,-13.7,-15.7,-16.7,-16.0,-14.0,-9.5,-13.6,-14.8,-12.5,-8.1,-4.1,-2.9,-4.8,-7.5,-9.4,-10.6,-10.8,-9.8,-8.0,-6.0,-5.5,-5.6,-6.0,-6.3,-6.6,-6.8,-5.8,-6.4,-8.2,-10.2,-11.2,-10.6,-8.8,1114.7,1116.1,1116.2,1115.0,1113.2,1111.9,1111.6,1112.9,1118.8,1116.9,1114.4,1113.2,1112.8,1112.7,1113.0,1111.9,1111.2,1111.3,1113.1,1116.1,1114.3,1113.7,1113.7,1114.4,1115.2,1115.8,1115.7,1115.1,1109.0,1110.9,1112.0,1111.8,1110.3,1108.5,1107.3,1107.7,1109.2,1108.5,1108.2,1108.6,1110.1,1112.7,1115.3,1111.8,1108.7,1106.9,1106.7,1107.7,1109.5,1109.4,1109.9,1110.8,1111.4,1111.5,1111.0,1110.2,9.4,26.5,1179.0,0.047,0.077,0.077,498.4,496.5,499.1,506.6,522.9,548.6,575.4,608.8,652.7,697.3,736.1,769.8,795.3,812.8,824.9,834.2,840.8,532.2,554.1,582.8,613.7,641.0,713.0,745.4,775.5,801.0,813.5,674.4,671.2,668.7,666.5,622.7,642.7,662.8,684.7,704.1,561.3,580.7,602.2,620.7,600.0,578.7,715.7,737.0,758.8,775.7,758.1,736.7,579.8,607.0,637.4,658.4,682.0,712.9,737.2,709.3,677.9,652.4,629.5,601.0,590.3,636.7,658.0,681.8,725.8,679.8,655.3,633.2,319.0,370.2,421.6,472.6,519.9,564.0,601.7,631.4,641.7,635.2,608.3,575.0,536.6,495.8,453.4,411.2,370.6,272.1,247.2,235.5,238.2,252.3,259.0,253.1,258.1,273.8,299.4,317.4,349.1,379.9,411.9,432.6,440.3,448.6,443.8,438.3,323.3,314.8,317.1,328.3,331.5,329.9,337.4,330.1,332.8,343.8,346.7,344.4,496.7,479.5,474.5,480.7,478.4,487.8,507.2,538.6,551.0,552.3,548.4,532.2,498.9,492.7,496.1,495.5,508.5,526.6,528.5,524.8,-58.2,-59.0,-58.1,-54.9,-47.9,-37.1,-26.0,-12.4,5.0,22.9,38.6,52.4,62.7,69.6,74.4,78.3,81.3,-42.9,-34.0,-22.5,-10.3,0.4,28.4,41.3,53.3,63.6,68.9,13.4,12.1,11.1,10.2,-6.8,1.0,8.8,17.3,25.0,-31.1,-23.4,-14.9,-7.6,-15.8,-24.2,29.8,38.2,46.8,53.6,46.5,38.1,-23.9,-12.9,-1.0,7.2,16.3,28.5,38.5,27.2,14.8,4.8,-4.1,-15.3,-19.7,-1.3,7.0,16.3,34.0,15.6,6.0,-2.6,-16.8,4.2,25.4,46.4,65.4,82.8,97.3,108.2,112.0,109.8,99.8,86.9,71.3,54.7,37.6,20.7,4.3,-35.0,-44.7,-49.0,-47.7,-42.0,-39.3,-41.9,-40.1,-34.1,-24.0,-16.7,-4.2,7.7,19.9,28.4,31.3,34.4,32.5,30.5,-14.5,-17.8,-16.9,-12.5,-11.2,-11.9,-8.9,-11.8,-10.7,-6.4,-5.2,-6.1,54.3,46.8,44.5,46.9,46.0,50.0,58.4,70.1,74.5,74.9,73.4,67.5,55.0,51.8,53.0,52.8,58.8,65.1,65.7,64.4,1232.8,1234.6,1236.3,1235.4,1228.1,1218.2,1207.9,1195.7,1192.7,1196.7,1205.8,1212.4,1211.3,1208.6,1206.9,1210.2,1215.1,1193.1,1188.9,1181.6,1174.9,1170.8,1168.9,1174.9,1180.7,1186.3,1191.1,1171.8,1165.4,1159.3,1153.5,1171.7,1167.3,1163.5,1164.6,1167.3,1187.4,1183.9,1182.5,1181.3,1182.0,1183.2,1181.3,1182.5,1182.7,1185.4,1181.7,1181.1,1190.6,1174.8,1166.9,1165.3,1165.9,1173.5,1189.4,1178.2,1170.1,1168.0,1169.3,1176.6,1188.8,1169.7,1168.2,1169.0,1187.2,1171.9,1170.1,1171.6,2.53,0.075,0.084,0.076,664.145,427.319,-46.25899999999999,23.7,7.2589999999999995,10.742,1.7619999999999998,-6.867999999999999,-0.637,11.591,-12.299000000000001,6.478,-18.996,0.64,-3.4810000000000003,-0.078,2.4659999999999997,-1.037,-5.7829999999999995,-3.072,1.078,-4.817,-0.01,1.723,4.419,-3.988,-3.115,0.966,1.274,0.08900000000000001,-0.17800000000000002,0.414,0.21600000000000003,-0.41100000000000003,0.28800000000000003,-0.155,2.73,3.67,0.0,1.24,1.16,1.55,0.0,1.55,1.71,0.98,0.05,0.0,0.15,0.0,2.77,1.88,1.4,1.0,1.0,0.0,1.0,1.0,1.0,0.0,1.0,1.0,1.0,1.0,0.0,0.0,1.0,1.0,1.0,0.0,1.0
63,2.069,0.98,0.07233400000000001,0.197139,-0.9777030000000001,-0.178918,0.178787,-0.967483,-0.055,0.191,576.3,582.6,595.3,606.9,610.7,605.2,591.7,580.1,562.9,569.6,578.7,589.3,601.0,610.7,617.3,609.1,598.6,587.2,576.7,568.3,587.6,592.9,598.7,601.6,599.9,594.6,588.8,585.9,725.4,731.1,743.1,754.4,758.4,752.7,740.7,728.4,716.7,725.0,735.6,747.5,758.2,766.9,773.3,766.7,757.7,746.9,735.4,724.7,736.0,741.1,746.5,749.0,747.2,742.2,736.8,734.2,321.1,309.7,305.6,311.2,323.2,335.7,338.7,333.1,323.7,318.7,315.3,314.6,317.3,323.1,331.2,332.0,331.1,329.8,328.5,326.7,328.0,330.5,328.7,323.5,318.0,315.4,317.3,322.5,334.7,323.8,320.4,326.3,338.3,349.2,352.6,347.6,339.9,334.8,331.6,331.1,333.7,338.3,343.7,345.4,345.4,344.6,343.6,342.6,341.8,344.5,342.9,338.1,332.7,330.0,331.6,336.5,-23.8,-21.4,-16.7,-12.3,-10.9,-13.0,-18.0,-22.3,-28.9,-26.3,-22.9,-18.9,-14.5,-10.9,-8.5,-11.5,-15.4,-19.7,-23.6,-26.8,-19.5,-17.6,-15.4,-14.3,-15.0,-17.0,-19.1,-20.2,32.1,34.3,38.8,43.1,44.5,42.3,37.8,33.2,28.8,31.9,35.9,40.4,44.4,47.8,50.3,47.7,44.2,40.1,35.8,31.8,36.1,38.0,40.0,41.0,40.4,38.5,36.4,35.4,-14.5,-18.8,-20.3,-18.2,-13.7,-9.0,-7.9,-10.0,-13.6,-15.4,-16.7,-16.9,-15.9,-13.8,-10.7,-10.4,-10.8,-11.2,-11.7,-12.4,-12.0,-11.0,-11.7,-13.6,-15.7,-16.7,-16.0,-14.0,-9.5,-13.6,-14.9,-12.7,-8.2,-4.1,-2.8,-4.7,-7.5,-9.5,-10.6,-10.8,-9.9,-8.2,-6.1,-5.5,-5.5,-5.8,-6.2,-6.5,-6.8,-5.8,-6.4,-8.3,-10.3,-11.3,-10.7,-8.8,1119.4,1120.6,1120.6,1119.4,1117.7,1116.6,1116.5,1117.7,1123.8,1121.8,1119.2,1117.8,1117.4,1117.4,1117.8,1116.7,1116.0,1116.2,1118.1,1121.1,1119.0,1118.5,1118.4,1119.0,1119.8,1120.3,1120.3,1119.8,1127.2,1128.7,1129.7,1129.4,1128.2,1126.6,1125.7,1126.1,1127.4,1126.6,1126.2,1126.4,1127.9,1130.5,1133.0,1129.7,1126.8,1125.0,1124.9,1125.9,1127.7,1127.6,1128.0,1128.7,1129.3,1129.4,1129.0,1128.3,8.8,26.6,1183.2,0.052000000000000005,0.08900000000000001,0.076,497.9,496.1,498.5,505.7,521.7,547.3,573.9,607.2,651.1,696.1,735.5,769.5,795.1,812.3,824.1,833.3,840.1,530.9,552.8,581.2,611.9,639.3,711.5,744.1,774.1,799.5,812.1,672.8,669.3,666.5,664.0,620.6,640.6,660.6,682.6,702.3,559.9,579.3,600.7,618.9,598.4,577.1,714.6,735.8,757.6,774.5,756.8,735.5,577.2,604.6,635.2,656.4,680.3,711.9,737.2,708.5,676.2,650.4,627.2,598.5,587.8,634.6,656.1,680.2,725.7,678.2,653.3,631.0,318.6,369.8,421.1,472.1,519.3,563.3,600.7,630.2,640.4,633.8,606.8,573.7,535.7,495.2,453.3,411.6,371.4,272.4,247.6,235.8,238.5,252.7,259.6,253.6,258.7,274.1,299.6,317.9,349.7,380.6,412.7,433.0,440.7,449.1,444.2,438.7,323.6,315.0,317.4,328.7,331.9,330.1,337.8,330.4,333.0,344.2,347.0,344.7,495.9,479.1,474.4,480.6,478.3,487.3,506.5,538.4,551.1,552.5,548.6,532.3,498.3,492.7,496.0,495.3,507.9,526.8,528.7,525.1,-58.6,-59.4,-58.5,-55.5,-48.6,-37.8,-26.7,-13.1,4.4,22.4,38.5,52.5,62.7,69.6,74.2,78.1,81.2,-43.5,-34.7,-23.2,-11.0,-0.3,28.0,40.9,52.9,63.2,68.4,12.8,11.4,10.3,9.3,-7.6,0.2,8.0,16.6,24.3,-31.8,-24.0,-15.5,-8.3,-16.4,-24.9,29.4,37.8,46.5,53.3,46.1,37.7,-25.0,-13.9,-1.9,6.4,15.7,28.2,38.7,27.0,14.2,4.1,-5.0,-16.4,-20.8,-2.1,6.3,15.7,34.0,15.0,5.2,-3.5,-17.1,4.0,25.3,46.3,65.5,82.8,97.3,108.1,111.8,109.5,99.5,86.6,71.1,54.6,37.6,20.9,4.6,-35.0,-44.7,-49.1,-47.7,-42.0,-39.3,-41.8,-40.0,-34.0,-24.0,-16.5,-4.0,8.0,20.3,28.6,31.5,34.7,32.8,30.7,-14.5,-17.8,-16.9,-12.4,-11.1,-11.8,-8.8,-11.7,-10.7,-6.3,-5.1,-6.0,54.2,46.8,44.7,47.0,46.1,50.0,58.3,70.3,74.8,75.2,73.8,67.8,55.0,51.9,53.2,52.9,58.8,65.4,66.0,64.7,1236.9,1238.8,1240.7,1239.9,1232.5,1222.5,1212.0,1199.7,1196.5,1200.3,1209.0,1215.3,1213.9,1211.0,1209.1,1212.4,1217.3,1197.0,1192.8,1185.6,1178.8,1174.7,1172.7,1178.3,1183.7,1188.9,1193.3,1175.6,1169.5,1163.6,1158.1,1176.1,1171.7,1167.9,1168.8,1171.3,1191.2,1187.7,1186.3,1185.0,1185.8,1187.1,1184.7,1185.7,1185.7,1188.3,1184.8,1184.3,1195.6,1179.6,1171.4,1169.7,1170.2,1177.7,1193.5,1182.5,1174.3,1172.2,1173.7,1181.3,1193.9,1174.1,1172.5,1173.3,1191.4,1176.1,1174.4,1176.0,2.522,0.08,0.09699999999999999,0.076,662.669,427.292,-49.04600000000001,23.79,7.559,7.99,2.063,-6.735,-1.577,11.775,-12.332,7.436,-19.285999999999998,0.9209999999999999,-3.2439999999999998,0.314,2.006,-0.6890000000000001,-5.73,-2.9789999999999996,1.653,-4.43,0.406,1.581,4.266,-3.949,-2.9989999999999997,1.122,1.391,0.059000000000000004,-0.11699999999999999,0.48200000000000004,0.19,-0.366,0.244,-0.155,2.71,3.53,0.0,1.08,1.19,1.41,0.0,1.53,1.73,1.13,0.06,0.0,0.26,0.0,2.87,1.79,1.4,1.0,1.0,0.0,1.0,1.0,1.0,0.0,1.0,1.0,1.0,1.0,0.0,0.0,1.0,1.0,1.0,0.0,1.0
64,2.102,0.98,0.073477,0.193474,-0.97835,-0.174818,0.182055,-0.967623,-0.052000000000000005,0.191,575.7,582.0,594.7,606.3,610.0,604.5,591.0,579.4,562.1,568.8,578.0,588.7,600.4,610.1,616.6,608.5,598.0,586.5,576.0,567.6,586.9,592.2,598.1,601.0,599.3,594.0,588.1,585.2,724.5,730.3,742.4,753.7,757.6,751.9,739.8,727.5,715.4,723.8,734.5,746.6,757.3,766.2,772.5,765.9,756.8,745.8,734.2,723.5,735.2,740.2,745.7,748.2,746.5,741.4,736.0,733.4,320.1,308.6,304.6,310.4,322.5,335.0,338.0,332.2,322.8,317.8,314.5,313.9,316.7,322.5,330.6,331.3,330.4,329.1,327.7,325.8,327.1,329.7,327.9,322.6,317.0,314.4,316.2,321.5,334.2,323.3,319.8,325.9,338.0,348.9,352.4,347.2,339.5,334.3,331.1,330.6,333.3,338.0,343.6,345.0,344.8,344.0,342.9,342.0,341.4,344.1,342.6,337.7,332.3,329.5,331.1,336.0,-24.0,-21.6,-16.9,-12.5,-11.1,-13.2,-18.2,-22.6,-29.2,-26.6,-23.1,-19.1,-14.7,-11.1,-8.7,-11.7,-15.6,-19.9,-23.8,-27.0,-19.8,-17.8,-15.6,-14.5,-15.2,-17.2,-19.4,-20.4,31.6,33.7,38.3,42.5,44.0,41.7,37.2,32.6,28.2,31.3,35.3,39.8,43.8,47.2,49.7,47.1,43.6,39.4,35.1,31.1,35.5,37.4,39.5,40.5,39.8,37.9,35.9,34.9,-14.9,-19.2,-20.7,-18.5,-14.0,-9.3,-8.2,-10.3,-13.9,-15.7,-16.9,-17.2,-16.1,-14.0,-11.0,-10.7,-11.0,-11.5,-12.0,-12.8,-12.3,-11.3,-12.0,-13.9,-16.0,-17.0,-16.3,-14.4,-9.6,-13.7,-15.0,-12.8,-8.2,-4.1,-2.8,-4.8,-7.7,-9.6,-10.8,-11.0,-10.0,-8.2,-6.2,-5.6,-5.7,-6.0,-6.4,-6.7,-6.9,-5.9,-6.5,-8.4,-10.4,-11.4,-10.8,-9.0,1118.2,1119.3,1119.3,1118.2,1116.6,1115.7,1115.6,1116.7,1122.6,1120.6,1118.0,1116.7,1116.3,1116.4,1116.8,1115.8,1115.0,1115.2,1117.1,1120.0,1117.9,1117.4,1117.4,1117.9,1118.6,1119.1,1119.2,1118.7,1119.7,1121.2,1122.2,1122.0,1120.8,1119.3,1118.4,1118.7,1120.1,1119.2,1118.7,1119.0,1120.5,1123.1,1125.7,1122.4,1119.4,1117.7,1117.6,1118.6,1120.3,1120.2,1120.7,1121.3,1121.9,1122.0,1121.5,1120.9,8.5,26.5,1180.2,0.055999999999999994,0.09,0.075,497.5,495.7,498.1,505.5,521.6,547.1,573.7,606.5,650.2,695.2,734.8,768.9,794.3,811.5,823.3,832.6,839.3,530.0,551.7,580.3,611.1,638.5,710.4,742.9,773.2,798.6,810.9,672.0,668.3,665.4,662.8,619.8,639.6,659.5,681.4,700.9,559.2,578.6,600.0,618.2,597.7,576.5,713.6,734.8,756.6,773.5,755.8,734.5,577.2,603.9,634.3,655.5,679.6,710.9,735.5,707.6,675.6,649.6,626.3,597.7,587.6,633.7,655.3,679.6,724.1,677.7,652.6,630.2,318.1,369.7,421.6,472.9,520.4,564.3,601.5,630.7,640.9,634.1,606.7,573.4,535.2,494.8,452.9,411.2,370.9,271.9,246.9,235.1,237.9,252.3,259.3,253.3,258.4,274.0,299.6,317.5,349.0,379.6,411.3,432.2,439.9,448.2,443.5,438.0,322.9,314.2,316.6,328.2,331.2,329.3,337.4,329.9,332.5,343.8,346.5,344.3,496.2,478.9,474.0,480.3,477.9,487.1,506.5,539.4,553.0,554.5,550.6,533.6,498.4,492.1,495.5,494.8,508.0,528.7,530.7,527.0,-58.6,-59.5,-58.5,-55.5,-48.5,-37.8,-26.7,-13.4,4.1,22.0,38.1,52.1,62.3,69.0,73.7,77.6,80.7,-43.8,-35.0,-23.5,-11.3,-0.6,27.4,40.3,52.4,62.7,67.8,12.5,11.0,9.8,8.8,-7.9,-0.2,7.6,16.1,23.7,-32.0,-24.2,-15.8,-8.6,-16.7,-25.1,29.0,37.4,46.0,52.8,45.6,37.2,-25.0,-14.2,-2.2,6.0,15.4,27.8,37.9,26.6,13.9,3.7,-5.3,-16.6,-20.8,-2.4,6.0,15.4,33.3,14.8,4.9,-3.8,-17.2,4.0,25.4,46.6,65.8,83.1,97.4,108.0,111.8,109.4,99.2,86.2,70.7,54.3,37.3,20.7,4.4,-35.1,-44.9,-49.2,-47.8,-42.1,-39.3,-41.8,-40.0,-34.0,-24.0,-16.6,-4.3,7.6,19.7,28.2,31.1,34.2,32.4,30.4,-14.7,-18.1,-17.1,-12.5,-11.4,-12.1,-8.9,-11.9,-10.8,-6.4,-5.3,-6.2,54.1,46.6,44.4,46.8,45.9,49.8,58.1,70.6,75.4,75.9,74.4,68.2,54.9,51.6,52.8,52.6,58.6,66.0,66.7,65.3,1234.0,1236.1,1238.1,1237.4,1230.0,1219.9,1209.2,1197.2,1194.0,1197.8,1206.4,1212.4,1210.8,1207.9,1206.0,1209.5,1214.5,1194.1,1189.7,1182.3,1175.3,1171.2,1169.4,1175.0,1180.5,1185.8,1190.3,1172.4,1166.2,1160.1,1154.5,1172.7,1168.4,1164.6,1165.5,1167.9,1188.0,1184.4,1183.0,1181.9,1182.7,1183.9,1181.6,1182.5,1182.5,1185.3,1181.7,1181.2,1192.3,1176.5,1168.3,1166.6,1167.1,1174.6,1190.3,1180.0,1172.1,1170.1,1171.5,1178.7,1190.6,1171.0,1169.4,1170.2,1188.3,1173.7,1172.1,1173.7,2.528,0.084,0.099,0.075,661.862,427.221,-49.227,24.781,8.742,9.645,2.718,-7.943,0.057,11.475,-11.607000000000001,7.587000000000001,-18.468,0.466,-2.55,0.27399999999999997,2.019,-1.159,-5.824,-3.465,1.018,-4.498,0.77,1.681,3.7510000000000003,-3.9419999999999997,-2.5989999999999998,0.768,1.535,-0.099,-0.177,0.46299999999999997,0.18,-0.341,0.215,-0.115,2.67,3.43,0.0,1.1,1.18,1.33,0.0,1.48,1.68,1.11,0.04,0.0,0.3,0.0,2.92,1.84,1.39,1.0,1.0,0.0,1.0,1.0,0.0,0.0,1.0,1.0,1.0,1.0,0.0,0.0,1.0,1.0,1.0,0.0,1.0
65,2.135,0.98,0.073879,0.199391,-0.977131,-0.178891,0.18214,-0.9668620000000001,-0.054000000000000006,0.19399999999999998,575.8,582.1,594.7,606.2,609.8,604.3,590.9,579.4,561.8,568.6,577.8,588.6,600.4,610.1,616.9,608.6,598.0,586.5,575.8,567.3,586.9,592.2,598.0,600.9,599.3,594.0,588.1,585.2,724.2,729.8,741.9,753.5,757.7,752.1,740.0,727.5,715.4,723.9,734.7,746.6,757.2,765.9,772.3,765.8,756.8,745.9,734.4,723.6,735.1,740.2,745.6,748.1,746.2,741.1,735.7,733.2,319.1,307.7,303.7,309.5,321.7,334.2,337.1,331.3,321.5,316.6,313.4,312.8,315.8,321.7,329.7,330.5,329.5,328.2,326.7,324.7,326.1,328.8,327.0,321.7,316.0,313.3,315.2,320.5,333.7,322.8,319.3,325.2,337.2,348.1,351.6,346.6,339.0,333.7,330.4,330.0,332.8,337.6,343.2,344.7,344.4,343.6,342.5,341.6,340.8,343.5,341.9,337.1,331.8,329.1,330.7,335.5,-23.8,-21.5,-16.8,-12.5,-11.2,-13.2,-18.2,-22.4,-29.2,-26.6,-23.1,-19.0,-14.7,-11.1,-8.6,-11.6,-15.5,-19.8,-23.8,-27.0,-19.7,-17.7,-15.6,-14.5,-15.1,-17.1,-19.3,-20.3,31.3,33.4,38.0,42.2,43.8,41.6,37.1,32.5,28.0,31.1,35.1,39.6,43.6,46.9,49.4,46.8,43.4,39.3,35.0,31.0,35.3,37.2,39.3,40.2,39.5,37.6,35.6,34.7,-15.2,-19.4,-20.9,-18.7,-14.2,-9.6,-8.5,-10.6,-14.4,-16.1,-17.3,-17.5,-16.4,-14.2,-11.3,-10.9,-11.3,-11.8,-12.3,-13.1,-12.6,-11.6,-12.3,-14.2,-16.3,-17.3,-16.6,-14.7,-9.8,-13.9,-15.2,-12.9,-8.5,-4.4,-3.1,-5.0,-7.8,-9.8,-11.0,-11.1,-10.1,-8.3,-6.3,-5.7,-5.8,-6.1,-6.5,-6.8,-7.1,-6.1,-6.7,-8.5,-10.5,-11.5,-10.9,-9.1,1113.4,1114.3,1114.2,1113.2,1111.8,1111.0,1110.9,1112.0,1118.1,1115.9,1113.2,1111.7,1111.3,1111.5,1112.2,1111.1,1110.3,1110.5,1112.4,1115.4,1113.1,1112.7,1112.6,1113.0,1113.7,1114.2,1114.2,1113.8,1114.3,1116.1,1117.2,1117.0,1115.5,1113.7,1112.6,1112.9,1114.3,1113.6,1113.3,1113.6,1115.1,1117.6,1120.1,1116.8,1113.8,1112.0,1111.8,1112.8,1114.8,1114.7,1115.2,1116.0,1116.6,1116.7,1116.2,1115.4,8.3,26.4,1178.6,0.062,0.094,0.075,497.5,495.6,498.3,505.9,522.1,547.5,574.0,606.1,649.4,694.2,733.7,767.9,793.3,810.5,822.5,832.1,839.2,529.5,551.2,580.2,611.2,638.8,710.1,742.7,773.0,798.6,810.8,671.8,667.9,664.8,662.0,619.7,639.1,658.7,680.3,699.6,559.1,578.5,600.0,618.2,597.7,576.3,713.5,734.8,756.7,773.5,755.8,734.3,578.3,604.3,634.2,654.9,678.4,709.0,732.9,705.7,674.4,649.0,626.2,598.1,588.7,633.7,654.7,678.3,721.6,676.5,652.0,630.2,316.5,369.1,421.8,473.7,521.4,565.0,601.8,630.6,640.7,634.1,606.8,573.3,535.0,494.2,452.0,410.0,369.3,271.7,246.3,234.6,237.5,252.1,259.2,253.2,258.1,273.6,299.2,316.7,348.4,379.1,411.0,432.0,439.6,447.9,443.3,437.8,321.8,313.2,315.6,327.3,330.3,328.4,336.8,329.2,332.0,343.3,346.2,343.8,496.6,479.3,474.4,480.7,478.3,487.7,506.9,540.4,554.3,555.9,551.9,534.6,498.6,492.4,495.8,495.2,508.3,529.6,531.7,527.9,-58.5,-59.4,-58.4,-55.3,-48.3,-37.6,-26.6,-13.5,3.7,21.6,37.7,51.6,61.8,68.6,73.3,77.3,80.5,-43.9,-35.2,-23.5,-11.3,-0.5,27.3,40.1,52.2,62.6,67.6,12.4,10.8,9.6,8.4,-7.9,-0.3,7.3,15.6,23.2,-32.0,-24.2,-15.8,-8.6,-16.6,-25.1,28.9,37.3,45.9,52.7,45.5,37.1,-24.5,-14.0,-2.3,5.8,14.9,27.0,36.8,25.8,13.4,3.5,-5.4,-16.5,-20.3,-2.5,5.7,14.9,32.3,14.3,4.7,-3.8,-17.9,3.8,25.5,46.8,66.1,83.3,97.3,107.9,111.6,109.4,99.2,86.1,70.5,54.0,36.9,20.1,3.7,-35.1,-45.0,-49.4,-47.9,-42.1,-39.2,-41.8,-40.0,-34.1,-24.1,-16.9,-4.5,7.4,19.6,28.1,31.0,34.1,32.3,30.2,-15.1,-18.5,-17.5,-12.9,-11.7,-12.4,-9.1,-12.1,-11.0,-6.6,-5.4,-6.4,54.2,46.7,44.5,46.9,46.0,49.9,58.2,70.9,75.9,76.4,74.9,68.5,54.9,51.6,52.9,52.7,58.6,66.3,67.0,65.6,1232.0,1234.4,1236.6,1236.0,1228.5,1218.4,1207.7,1196.0,1193.2,1197.1,1205.5,1211.1,1209.3,1206.3,1204.3,1207.5,1212.2,1192.6,1188.0,1180.5,1173.3,1169.0,1167.3,1172.6,1178.1,1183.3,1188.0,1170.5,1164.2,1158.2,1152.5,1170.7,1166.4,1162.8,1163.6,1166.1,1186.3,1182.6,1181.1,1180.0,1180.9,1182.2,1179.5,1180.3,1180.3,1183.1,1179.6,1179.1,1190.1,1174.7,1166.6,1165.0,1165.5,1172.7,1187.8,1178.3,1171.2,1169.3,1170.6,1177.3,1188.4,1169.5,1168.0,1168.7,1185.9,1172.6,1171.0,1172.5,2.532,0.09,0.10300000000000001,0.075,661.455,427.13300000000004,-49.776,24.928,7.739,11.658,3.45,-8.38,1.3630000000000002,10.482999999999999,-11.032,6.431,-17.607,-0.5529999999999999,-1.5230000000000001,0.048,1.7719999999999998,-1.742,-5.789,-3.583,0.502,-4.072,1.48,1.495,3.554,-3.4789999999999996,-2.345,0.685,1.3980000000000001,-0.027999999999999997,-0.209,0.452,0.1,-0.327,0.27399999999999997,-0.032,2.66,3.39,0.0,1.08,1.06,1.26,0.0,1.41,1.57,1.16,0.01,0.0,0.48,0.01,2.82,1.85,1.43,1.0,1.0,0.0,1.0,1.0,0.0,0.0,1.0,1.0,1.0,1.0,0.0,0.0,1.0,1.0,1.0,0.0,1.0
66,2.169,0.98,0.079506,0.211206,-0.974203,-0.184488,0.191687,-0.9639610000000001,-0.054000000000000006,0.205,575.9,582.2,594.7,606.3,610.0,604.6,591.2,579.7,562.2,568.7,577.7,588.5,600.4,610.1,616.8,608.5,597.7,586.2,575.7,567.5,587.1,592.4,598.2,601.1,599.4,594.1,588.3,585.4,724.2,729.9,742.0,753.5,757.7,752.0,739.8,727.3,715.7,724.1,734.7,746.6,757.2,765.9,772.3,765.7,756.7,745.9,734.4,723.7,735.0,740.2,745.6,748.1,746.3,741.1,735.7,733.2,319.0,307.4,303.3,309.0,321.3,333.9,337.0,331.3,321.3,316.3,313.1,312.4,315.3,321.1,329.1,330.0,329.1,327.9,326.5,324.4,325.9,328.6,326.7,321.3,315.6,313.0,314.9,320.2,333.5,322.7,319.3,325.2,337.1,347.9,351.4,346.4,338.6,333.3,330.2,329.9,332.7,337.5,343.1,344.7,344.5,343.6,342.4,341.4,340.7,343.4,341.8,337.0,331.7,329.1,330.6,335.4,-23.7,-21.4,-16.8,-12.5,-11.1,-13.1,-18.1,-22.3,-29.0,-26.5,-23.1,-19.1,-14.6,-11.0,-8.6,-11.7,-15.6,-19.9,-23.8,-26.9,-19.6,-17.6,-15.5,-14.4,-15.0,-17.0,-19.2,-20.2,31.4,33.6,38.2,42.5,43.9,41.7,37.2,32.5,28.2,31.3,35.3,39.7,43.7,47.1,49.6,47.0,43.5,39.4,35.2,31.2,35.5,37.4,39.4,40.4,39.7,37.8,35.8,34.8,-15.2,-19.5,-21.0,-18.9,-14.3,-9.6,-8.5,-10.6,-14.4,-16.2,-17.4,-17.6,-16.5,-14.4,-11.4,-11.1,-11.4,-11.8,-12.4,-13.2,-12.6,-11.6,-12.3,-14.3,-16.4,-17.4,-16.7,-14.7,-9.9,-13.9,-15.2,-13.0,-8.6,-4.5,-3.2,-5.1,-8.0,-10.0,-11.1,-11.2,-10.2,-8.4,-6.3,-5.7,-5.8,-6.1,-6.5,-6.9,-7.2,-6.2,-6.8,-8.6,-10.6,-11.6,-11.0,-9.2,1111.5,1112.2,1112.0,1110.8,1109.5,1109.0,1109.1,1110.2,1116.4,1114.1,1111.2,1109.7,1109.2,1109.3,1109.9,1108.9,1108.3,1108.7,1110.7,1113.7,1111.2,1110.7,1110.5,1110.9,1111.5,1112.0,1112.1,1111.8,1119.4,1121.2,1122.2,1121.9,1120.4,1118.5,1117.5,1117.9,1119.3,1118.7,1118.3,1118.6,1119.9,1122.3,1124.7,1121.5,1118.5,1116.8,1116.7,1117.8,1119.7,1119.6,1120.1,1120.9,1121.6,1121.7,1121.2,1120.4,8.4,26.3,1181.2,0.07,0.09,0.075,498.0,496.0,498.6,506.3,522.5,547.5,573.5,605.3,648.6,693.7,733.5,767.9,793.5,810.7,822.6,832.2,839.3,530.6,552.4,581.1,611.8,638.9,710.5,743.1,773.3,798.5,810.6,671.7,667.8,664.6,661.7,620.0,639.2,658.6,680.1,699.3,559.3,578.5,600.0,618.0,597.7,576.3,713.9,734.9,756.7,773.5,755.8,734.4,580.6,606.4,635.3,655.3,677.9,707.5,730.6,704.4,674.3,649.8,627.8,600.7,590.9,634.7,655.0,677.9,719.4,676.2,652.6,631.6,315.3,368.0,420.8,472.6,520.1,563.3,599.2,627.6,637.8,631.8,605.2,572.0,533.5,492.3,449.9,407.6,366.6,269.9,245.4,234.3,237.5,251.6,258.8,253.2,258.1,273.4,298.5,316.5,348.3,379.2,411.1,432.3,440.1,448.3,443.7,438.2,321.4,312.8,315.2,326.7,330.1,328.3,336.4,329.0,331.9,343.1,346.2,343.8,498.6,481.8,476.7,482.9,480.5,489.7,508.2,539.2,552.1,553.6,549.8,533.8,500.6,494.6,497.7,497.2,509.5,527.9,529.8,526.2,-58.4,-59.4,-58.4,-55.2,-48.2,-37.6,-26.9,-13.9,3.4,21.5,37.7,51.8,62.1,68.8,73.5,77.5,80.7,-43.6,-34.7,-23.2,-11.1,-0.4,27.5,40.4,52.5,62.6,67.7,12.4,10.8,9.5,8.4,-7.8,-0.3,7.2,15.6,23.1,-32.0,-24.3,-15.8,-8.7,-16.7,-25.1,29.1,37.4,46.0,52.7,45.6,37.2,-23.6,-13.2,-1.9,6.0,14.8,26.5,36.0,25.3,13.4,3.8,-4.8,-15.5,-19.5,-2.1,5.9,14.8,31.5,14.2,4.9,-3.3,-18.4,3.3,25.1,46.5,65.7,82.7,96.5,107.0,110.7,108.7,98.8,85.8,70.2,53.4,36.2,19.2,2.7,-35.9,-45.5,-49.5,-48.0,-42.3,-39.4,-41.8,-40.1,-34.2,-24.4,-17.0,-4.5,7.4,19.7,28.3,31.2,34.3,32.6,30.5,-15.3,-18.6,-17.7,-13.1,-11.8,-12.5,-9.3,-12.2,-11.1,-6.7,-5.4,-6.4,55.1,47.8,45.5,47.8,46.9,50.8,58.8,70.5,75.2,75.6,74.2,68.3,55.8,52.6,53.8,53.6,59.2,65.8,66.4,65.1,1233.8,1236.4,1239.0,1238.6,1231.3,1221.2,1210.5,1199.1,1196.2,1200.3,1208.8,1214.8,1213.1,1209.8,1207.5,1210.2,1214.5,1194.5,1189.8,1182.4,1175.5,1171.1,1169.5,1174.9,1180.4,1185.4,1190.1,1173.0,1166.9,1161.0,1155.3,1173.3,1169.2,1165.7,1166.5,1169.0,1188.8,1185.0,1183.4,1182.4,1183.4,1184.7,1182.0,1182.7,1182.7,1185.7,1182.1,1181.6,1191.9,1177.1,1169.6,1168.0,1168.6,1175.7,1190.4,1180.8,1173.9,1171.9,1173.1,1179.4,1190.1,1172.4,1170.9,1171.7,1188.3,1175.1,1173.4,1174.9,2.5269999999999997,0.09699999999999999,0.099,0.075,661.64,426.72,-48.747,24.291,2.8939999999999997,12.569,3.47,-7.406000000000001,1.008,9.804,-10.761,6.257000000000001,-17.26,-0.315,-1.6269999999999998,-1.119,1.61,-1.683,-5.733,-4.802,0.5489999999999999,-4.35,2.092,2.214,3.3710000000000004,-3.638,-2.3,0.6579999999999999,1.114,0.042,-0.261,0.382,0.11199999999999999,-0.368,0.278,0.073,2.63,3.47,0.0,1.11,0.89,1.2,0.0,1.31,1.42,1.05,0.04,0.0,0.41,0.01,2.52,1.68,1.45,1.0,1.0,0.0,1.0,1.0,0.0,0.0,1.0,1.0,1.0,1.0,0.0,0.0,1.0,1.0,1.0,0.0,1.0
67,2.202,0.98,0.084245,0.20923000000000003,-0.974231,-0.189449,0.19179200000000002,-0.9629770000000001,-0.054000000000000006,0.204,575.7,581.9,594.5,606.0,609.8,604.5,591.0,579.5,561.9,568.4,577.4,588.3,600.2,609.8,616.3,607.9,597.2,585.6,575.2,567.0,587.0,592.2,598.0,600.8,599.1,593.8,588.1,585.2,723.8,729.6,741.8,753.2,757.0,751.2,739.0,726.7,715.8,723.9,734.4,746.3,757.0,765.8,772.0,765.4,756.3,745.5,734.0,723.5,734.5,739.6,745.1,747.7,745.9,740.8,735.4,732.8,318.9,307.3,303.1,308.7,320.9,333.6,336.7,331.1,320.9,315.9,312.7,312.2,315.2,321.0,328.9,329.8,329.0,327.7,326.2,324.1,325.7,328.3,326.3,321.0,315.5,312.9,314.8,320.1,333.5,322.6,319.1,325.0,337.0,347.9,351.4,346.4,338.7,333.2,330.0,329.7,332.5,337.3,343.0,344.6,344.5,343.6,342.4,341.3,340.6,343.3,341.7,336.8,331.4,328.8,330.3,335.2,-23.8,-21.6,-16.9,-12.6,-11.2,-13.1,-18.1,-22.4,-29.1,-26.6,-23.2,-19.1,-14.7,-11.2,-8.8,-11.9,-15.8,-20.1,-24.0,-27.1,-19.6,-17.7,-15.6,-14.5,-15.1,-17.1,-19.2,-20.3,31.5,33.8,38.4,42.7,44.1,41.8,37.2,32.6,28.5,31.6,35.5,40.0,44.1,47.5,49.9,47.3,43.7,39.6,35.3,31.4,35.6,37.5,39.6,40.6,39.9,38.0,36.0,35.0,-15.2,-19.5,-21.1,-19.0,-14.5,-9.8,-8.6,-10.7,-14.6,-16.4,-17.5,-17.7,-16.6,-14.4,-11.5,-11.1,-11.5,-11.9,-12.5,-13.3,-12.7,-11.8,-12.5,-14.4,-16.5,-17.5,-16.8,-14.8,-10.0,-14.1,-15.4,-13.2,-8.7,-4.5,-3.2,-5.1,-8.0,-10.1,-11.3,-11.4,-10.3,-8.6,-6.4,-5.8,-5.8,-6.2,-6.6,-7.0,-7.3,-6.3,-6.9,-8.7,-10.8,-11.8,-11.2,-9.3,1111.8,1112.7,1112.5,1111.4,1110.0,1109.2,1109.3,1110.4,1116.7,1114.4,1111.6,1110.1,1109.6,1109.7,1110.2,1109.2,1108.6,1109.0,1111.0,1114.0,1111.5,1111.0,1110.9,1111.3,1111.9,1112.5,1112.5,1112.1,1129.3,1130.9,1131.7,1131.3,1129.9,1128.4,1127.6,1128.1,1129.5,1128.8,1128.3,1128.4,1129.7,1132.1,1134.3,1131.3,1128.5,1126.8,1126.9,1128.0,1129.7,1129.5,1129.9,1130.6,1131.2,1131.4,1131.0,1130.3,8.5,26.1,1185.6,0.057,0.087,0.075,498.2,496.3,499.0,506.6,522.4,547.2,573.4,606.1,649.7,694.8,734.5,768.6,793.8,810.4,822.0,831.6,838.8,530.0,551.6,580.6,611.4,639.0,709.6,742.5,772.9,798.3,810.8,671.0,667.3,664.3,661.5,620.5,639.5,658.6,679.7,698.6,559.1,578.0,599.5,617.7,597.4,576.0,713.6,734.6,756.4,773.2,755.5,734.2,582.2,608.1,635.6,655.3,677.5,706.0,729.0,703.4,674.7,650.9,629.4,603.2,592.7,635.1,655.2,677.5,717.7,676.3,653.4,632.8,315.8,367.8,419.8,470.8,517.5,560.0,595.5,623.7,633.9,628.5,602.9,570.7,532.9,491.9,449.7,407.7,366.9,270.2,245.6,234.5,237.7,251.6,258.8,253.2,258.0,273.2,298.3,316.1,348.3,379.6,411.9,433.5,441.1,449.1,444.5,438.9,321.1,312.6,314.9,326.2,330.1,328.5,336.0,328.8,331.7,342.9,346.3,343.8,498.9,483.4,478.5,484.7,482.2,491.0,508.3,534.7,545.7,547.0,543.4,529.7,500.7,496.8,499.9,499.3,509.3,521.2,522.9,519.5,-58.6,-59.5,-58.5,-55.3,-48.5,-37.9,-26.9,-13.6,3.9,22.0,38.2,52.3,62.5,69.1,73.6,77.7,80.8,-44.0,-35.2,-23.5,-11.3,-0.4,27.2,40.3,52.5,62.8,68.1,12.2,10.7,9.4,8.3,-7.7,-0.2,7.3,15.5,22.9,-32.2,-24.6,-16.1,-8.8,-16.9,-25.4,29.1,37.5,46.1,52.9,45.7,37.3,-23.0,-12.6,-1.7,6.0,14.7,25.9,35.4,25.0,13.6,4.3,-4.2,-14.5,-18.8,-1.9,5.9,14.7,30.8,14.3,5.2,-2.8,-18.2,3.2,24.8,46.0,64.9,81.7,95.3,105.7,109.5,107.8,98.3,85.7,70.3,53.5,36.3,19.3,2.8,-35.9,-45.6,-49.7,-48.1,-42.5,-39.6,-42.0,-40.3,-34.5,-24.6,-17.3,-4.6,7.6,20.1,28.9,31.8,34.8,33.0,30.9,-15.5,-18.8,-17.9,-13.4,-11.9,-12.5,-9.5,-12.4,-11.2,-6.8,-5.4,-6.4,55.3,48.6,46.4,48.7,47.8,51.5,59.0,69.0,72.8,73.2,71.9,66.9,55.9,53.7,54.8,54.6,59.3,63.3,63.9,62.6,1239.2,1241.9,1244.5,1244.1,1236.3,1225.5,1213.9,1202.0,1199.4,1204.2,1213.7,1220.4,1219.4,1216.3,1214.0,1216.0,1219.7,1200.7,1195.7,1188.1,1180.9,1176.3,1174.5,1179.9,1185.5,1190.6,1195.6,1178.4,1172.1,1165.9,1160.2,1178.3,1174.3,1170.8,1171.6,1174.1,1194.4,1190.6,1188.9,1188.0,1188.9,1190.4,1187.5,1188.2,1188.2,1191.3,1187.7,1187.2,1194.7,1180.5,1173.9,1172.5,1173.0,1179.6,1193.6,1183.8,1177.1,1175.0,1176.1,1182.0,1192.6,1176.7,1175.5,1176.3,1191.1,1178.3,1176.5,1177.8,2.517,0.086,0.095,0.07400000000000001,661.648,425.885,-42.196999999999996,23.311,-3.859,12.274000000000001,2.812,-4.526,-0.507,10.962,-10.617,5.997999999999999,-17.684,-1.661,-1.9040000000000001,-0.731,2.18,-1.8719999999999999,-6.987,-4.422,1.078,-4.766,2.012,1.8730000000000002,3.4130000000000003,-3.242,-2.722,0.428,0.23600000000000002,0.069,-0.445,0.377,0.016,-0.599,0.253,0.109,2.6,3.54,0.0,1.14,0.72,1.19,0.0,1.17,1.24,1.06,0.12,0.05,0.37,0.19,1.98,1.31,1.53,1.0,1.0,0.0,0.0,1.0,0.0,0.0,1.0,1.0,1.0,1.0,0.0,0.0,1.0,1.0,1.0,0.0,1.0
68,2.2359999999999998,0.98,0.081567,0.21214,-0.9738290000000001,-0.171433,0.189357,-0.966827,-0.046,0.204,575.2,581.2,593.6,605.2,609.2,604.1,590.8,579.2,561.6,568.0,576.9,587.6,599.6,609.3,616.1,607.8,597.0,585.5,575.0,566.8,586.6,591.9,597.5,600.2,598.4,593.2,587.6,584.8,723.1,728.9,741.2,752.8,756.9,751.1,738.8,726.2,714.6,722.9,733.6,745.6,756.3,765.0,771.4,764.8,755.8,744.9,733.4,722.6,734.0,739.2,744.7,747.3,745.4,740.3,734.8,732.2,319.1,307.3,302.9,308.4,320.6,333.4,336.8,331.3,320.9,315.8,312.6,311.9,314.8,320.6,328.5,329.5,328.8,327.7,326.2,324.1,325.6,328.1,326.1,320.8,315.2,312.7,314.7,320.1,333.0,322.1,318.7,324.8,336.8,347.7,351.1,346.0,338.5,332.9,329.7,329.4,332.2,337.1,342.8,344.4,344.1,343.2,342.1,341.1,340.3,343.0,341.5,336.6,331.3,328.6,330.1,335.0,-24.1,-21.9,-17.2,-12.9,-11.4,-13.3,-18.2,-22.6,-29.3,-26.8,-23.4,-19.4,-15.0,-11.4,-8.9,-12.0,-15.9,-20.2,-24.1,-27.2,-19.8,-17.9,-15.8,-14.8,-15.4,-17.4,-19.5,-20.5,30.8,33.0,37.7,42.0,43.4,41.2,36.6,32.0,27.7,30.8,34.7,39.2,43.2,46.5,49.0,46.4,42.9,38.8,34.6,30.6,34.9,36.8,38.9,39.9,39.2,37.3,35.2,34.2,-15.2,-19.6,-21.2,-19.2,-14.6,-9.9,-8.6,-10.6,-14.6,-16.5,-17.6,-17.8,-16.8,-14.6,-11.7,-11.3,-11.6,-12.0,-12.5,-13.4,-12.8,-11.8,-12.6,-14.6,-16.6,-17.6,-16.8,-14.8,-10.0,-14.1,-15.4,-13.1,-8.6,-4.6,-3.3,-5.2,-8.0,-10.0,-11.2,-11.4,-10.3,-8.5,-6.4,-5.8,-5.9,-6.2,-6.6,-7.0,-7.3,-6.3,-6.9,-8.7,-10.7,-11.7,-11.1,-9.3,1114.8,1115.5,1115.2,1114.1,1112.8,1112.4,1112.5,1113.6,1119.9,1117.5,1114.6,1112.9,1112.5,1112.6,1113.2,1112.3,1111.7,1112.1,1114.1,1117.1,1114.6,1114.1,1113.9,1114.2,1114.8,1115.3,1115.4,1115.1,1113.1,1114.9,1116.0,1115.7,1114.2,1112.3,1111.3,1111.8,1113.1,1112.5,1112.2,1112.4,1113.7,1116.1,1118.4,1115.3,1112.4,1110.6,1110.6,1111.6,1113.5,1113.4,1113.9,1114.7,1115.3,1115.5,1115.0,1114.2,8.4,25.6,1186.2,0.05,0.075,0.07400000000000001,498.1,496.2,498.8,506.1,521.4,545.7,572.1,605.2,649.3,694.7,734.5,768.8,794.1,810.6,822.2,831.6,838.6,529.3,550.4,579.7,610.8,638.7,708.2,741.3,772.1,797.7,810.4,670.2,666.8,664.0,661.4,620.5,639.5,658.8,679.7,698.5,558.9,577.5,599.1,617.4,597.2,575.7,712.8,733.9,755.7,772.5,754.8,733.4,584.3,610.5,637.1,656.0,677.1,704.2,727.0,702.0,675.0,652.4,632.0,606.6,594.7,636.7,655.8,677.2,715.7,676.3,654.6,635.0,316.5,367.6,418.7,468.8,514.8,556.7,591.9,620.1,630.3,625.2,600.2,568.4,530.7,489.6,447.5,406.0,365.8,270.2,245.5,234.2,237.4,251.3,258.3,253.1,257.9,273.3,298.7,316.0,348.1,379.4,411.6,433.6,441.1,448.9,444.2,438.6,320.9,312.4,314.6,325.9,330.0,328.6,335.6,328.4,331.5,342.5,346.1,343.6,499.3,484.8,479.7,485.6,482.9,491.4,507.5,530.0,539.2,540.4,537.4,526.0,500.9,497.7,500.6,499.9,508.3,515.4,517.0,514.0,-58.7,-59.6,-58.6,-55.6,-48.9,-38.6,-27.5,-14.0,3.7,22.0,38.3,52.5,62.8,69.4,74.0,78.0,81.0,-44.4,-35.8,-23.9,-11.5,-0.5,26.7,39.9,52.3,62.7,68.1,11.9,10.5,9.3,8.3,-7.7,-0.2,7.3,15.5,22.9,-32.4,-24.9,-16.2,-8.9,-17.0,-25.6,28.9,37.3,45.9,52.7,45.5,37.0,-22.2,-11.6,-1.1,6.3,14.5,25.3,34.6,24.5,13.7,4.9,-3.1,-13.2,-18.0,-1.3,6.2,14.6,30.1,14.3,5.7,-2.0,-18.0,3.1,24.4,45.2,63.9,80.5,94.0,104.3,108.2,106.6,97.4,85.0,69.6,52.7,35.5,18.7,2.4,-36.0,-45.7,-49.9,-48.3,-42.7,-39.9,-42.1,-40.4,-34.5,-24.5,-17.3,-4.6,7.5,20.0,28.9,31.8,34.7,32.9,30.8,-15.6,-18.9,-18.0,-13.5,-11.9,-12.5,-9.7,-12.5,-11.3,-7.0,-5.5,-6.5,55.4,49.1,46.9,49.1,48.1,51.7,58.7,67.1,70.3,70.6,69.5,65.3,56.0,54.0,55.1,54.9,58.9,61.0,61.6,60.4,1241.1,1243.6,1245.8,1245.2,1237.8,1227.2,1215.6,1203.2,1200.3,1205.6,1215.8,1223.5,1223.4,1220.6,1218.6,1220.4,1224.0,1203.2,1197.7,1189.8,1182.4,1177.5,1175.8,1181.5,1187.7,1193.2,1198.6,1180.0,1173.4,1166.8,1160.6,1179.1,1175.1,1171.6,1172.6,1175.3,1196.4,1192.4,1190.5,1189.7,1190.5,1192.1,1189.5,1190.4,1190.6,1193.9,1190.0,1189.4,1194.3,1180.5,1174.5,1173.3,1173.8,1180.5,1194.6,1183.6,1176.5,1174.3,1175.3,1181.1,1192.0,1177.2,1176.1,1177.0,1191.6,1177.9,1176.0,1177.2,2.5140000000000002,0.079,0.081,0.073,661.544,424.67900000000003,-32.504,21.642,-8.186,13.675,1.798,-2.928,-1.743,10.482999999999999,-11.013,6.226,-18.026,-1.0190000000000001,-2.496,-1.449,3.154,-2.635,-7.2379999999999995,-5.28,1.3430000000000002,-4.579,2.344,2.024,3.196,-3.463,-3.0810000000000004,0.47200000000000003,0.015,0.324,-0.5710000000000001,0.325,0.228,-0.659,0.264,0.034,2.6,3.63,0.0,1.13,0.56,1.18,0.0,1.02,1.09,1.09,0.22,0.17,0.33,0.37,1.38,1.09,1.55,1.0,1.0,0.0,0.0,1.0,0.0,0.0,1.0,1.0,1.0,1.0,0.0,0.0,1.0,1.0,1.0,0.0,1.0
69,2.269,0.98,0.083216,0.216939,-0.9726319999999999,-0.156894,0.19880599999999998,-0.967399,-0.038,0.21100000000000002,574.8,580.6,593.0,604.7,608.8,603.9,590.7,579.0,561.0,567.4,576.3,587.0,598.9,608.9,616.0,607.7,596.9,585.2,574.5,566.2,586.4,591.6,597.2,599.8,598.0,592.7,587.1,584.5,722.4,728.2,740.4,751.9,755.9,750.2,738.0,725.5,712.9,721.7,732.8,744.7,755.3,764.0,770.3,763.9,754.8,743.7,731.9,720.9,733.2,738.3,743.7,746.3,744.5,739.4,734.0,731.4,319.4,307.5,303.0,308.4,320.6,333.4,337.0,331.6,320.9,315.9,312.7,312.0,314.8,320.4,328.1,329.3,328.7,327.7,326.4,324.2,325.7,328.2,326.1,320.8,315.3,312.8,314.9,320.2,333.0,322.0,318.6,324.8,336.9,348.0,351.4,346.2,337.3,332.7,329.8,329.6,332.3,336.9,342.2,344.0,343.8,342.8,341.5,340.3,340.3,343.0,341.5,336.6,331.2,328.4,330.0,334.9,-24.1,-22.0,-17.4,-13.1,-11.5,-13.3,-18.2,-22.6,-29.4,-27.0,-23.6,-19.6,-15.2,-11.5,-8.9,-11.9,-15.9,-20.2,-24.2,-27.4,-19.9,-17.9,-15.8,-14.9,-15.6,-17.5,-19.6,-20.6,30.5,32.7,37.3,41.5,43.0,40.8,36.2,31.6,27.0,30.2,34.3,38.8,42.7,46.1,48.5,46.0,42.5,38.3,34.0,29.9,34.5,36.4,38.4,39.4,38.8,36.9,34.8,33.9,-15.0,-19.4,-21.1,-19.1,-14.6,-9.8,-8.5,-10.5,-14.6,-16.4,-17.5,-17.7,-16.7,-14.6,-11.8,-11.3,-11.6,-11.9,-12.5,-13.3,-12.7,-11.8,-12.5,-14.5,-16.6,-17.5,-16.7,-14.7,-10.0,-14.1,-15.4,-13.1,-8.5,-4.4,-3.2,-5.1,-8.4,-10.1,-11.2,-11.3,-10.3,-8.6,-6.6,-6.0,-6.0,-6.4,-6.8,-7.3,-7.3,-6.3,-6.8,-8.7,-10.7,-11.7,-11.1,-9.3,1110.7,1111.3,1111.0,1109.9,1108.8,1108.4,1108.5,1109.6,1116.1,1113.7,1110.7,1109.0,1108.5,1108.7,1109.3,1108.4,1107.8,1108.2,1110.2,1113.3,1110.5,1110.1,1109.9,1110.2,1110.7,1111.2,1111.3,1111.0,1110.6,1112.2,1113.3,1113.3,1112.1,1110.5,1109.4,1109.6,1111.2,1110.4,1110.0,1110.4,1111.9,1114.6,1117.2,1113.8,1110.7,1108.9,1108.7,1109.7,1111.3,1111.3,1111.8,1112.5,1113.0,1113.0,1112.6,1111.8,8.1,25.3,1185.2,0.031,0.068,0.076,497.9,495.8,498.2,505.3,520.5,544.9,571.6,604.8,648.7,693.6,733.3,767.4,792.9,809.7,821.6,831.1,838.0,528.4,549.4,578.5,609.4,637.5,707.4,740.6,771.2,797.0,810.4,669.3,666.0,663.3,660.8,619.7,638.8,658.1,679.0,697.7,558.4,576.9,598.5,617.3,596.8,575.3,711.4,732.9,754.6,771.6,753.7,732.3,583.2,609.8,635.7,655.0,676.6,703.0,725.7,700.8,674.6,651.7,631.1,606.3,593.7,635.1,654.8,676.7,714.4,675.9,653.9,634.1,318.2,368.2,418.6,468.3,513.7,555.3,590.3,617.9,627.9,623.1,598.6,567.5,530.6,490.1,448.2,406.9,366.9,270.0,245.9,234.7,237.8,251.1,258.0,253.1,258.0,273.5,298.7,315.5,347.7,379.1,411.5,434.2,441.5,449.1,444.7,439.4,320.6,312.6,314.6,325.5,329.6,328.6,334.9,328.3,331.6,342.1,345.8,343.1,498.8,485.7,480.8,486.8,484.0,492.4,507.4,525.8,533.2,534.3,531.2,521.6,500.6,499.6,502.7,501.8,508.0,508.3,509.8,506.8,-58.8,-59.8,-58.9,-55.9,-49.3,-38.9,-27.7,-14.1,3.5,21.5,37.8,52.0,62.4,69.2,73.9,77.9,80.9,-44.8,-36.2,-24.4,-12.1,-1.0,26.4,39.6,52.0,62.5,68.2,11.5,10.2,9.0,8.0,-8.0,-0.5,7.1,15.2,22.6,-32.6,-25.1,-16.5,-9.0,-17.1,-25.7,28.3,36.9,45.5,52.4,45.1,36.6,-22.6,-11.9,-1.7,5.9,14.3,24.8,34.1,23.9,13.5,4.6,-3.5,-13.3,-18.4,-1.9,5.8,14.4,29.5,14.1,5.4,-2.3,-17.3,3.4,24.3,45.0,63.4,79.9,93.2,103.2,107.0,105.6,96.7,84.6,69.7,53.0,35.9,19.1,2.8,-36.1,-45.6,-49.7,-48.2,-42.7,-40.0,-42.1,-40.4,-34.4,-24.5,-17.5,-4.8,7.4,19.9,29.2,31.9,34.8,33.1,31.1,-15.7,-18.9,-18.0,-13.7,-12.1,-12.5,-10.0,-12.6,-11.3,-7.1,-5.6,-6.7,55.2,49.4,47.2,49.6,48.5,52.0,58.6,65.3,67.8,68.1,66.9,63.5,55.7,54.7,55.9,55.6,58.7,58.1,58.6,57.5,1241.8,1244.1,1246.5,1245.9,1238.0,1226.7,1214.0,1201.1,1198.4,1204.3,1215.5,1224.1,1224.8,1222.8,1221.0,1222.4,1226.0,1204.5,1198.8,1190.7,1183.2,1178.1,1176.1,1182.2,1188.8,1194.6,1200.3,1180.4,1173.2,1166.1,1159.4,1178.7,1174.5,1171.0,1172.2,1175.1,1197.1,1193.0,1191.0,1190.2,1190.8,1192.4,1190.3,1191.2,1191.5,1194.8,1190.8,1190.2,1192.4,1178.7,1173.2,1172.1,1172.5,1179.0,1193.1,1181.2,1173.9,1171.6,1172.7,1178.6,1189.7,1176.2,1175.1,1176.1,1189.8,1175.3,1173.4,1174.6,2.5140000000000002,0.061,0.073,0.075,660.727,423.98400000000004,-23.605,20.927,-12.219000000000001,14.466,0.649,0.325,-3.5180000000000002,10.918,-11.998,6.438,-17.862000000000002,-1.0390000000000001,-2.211,-1.044,3.6289999999999996,-2.306,-8.28,-4.896,1.8559999999999999,-6.778,1.876,0.769,3.3110000000000004,-3.3089999999999997,-3.574,0.506,0.09,0.07400000000000001,-0.511,0.428,0.182,-0.581,0.293,-0.14,2.54,3.62,0.0,0.98,0.44,1.19,0.0,0.89,0.97,1.18,0.39,0.36,0.57,0.49,1.02,1.06,1.55,1.0,1.0,0.0,0.0,1.0,0.0,0.0,1.0,1.0,1.0,1.0,0.0,0.0,1.0,1.0,1.0,0.0,1.0
70,2.302,0.98,0.087881,0.21945,-0.971658,-0.166982,0.196576,-0.9661649999999999,-0.040999999999999995,0.21100000000000002,574.4,580.2,592.6,604.2,608.3,603.3,590.1,578.5,560.2,566.6,575.5,586.4,598.4,608.3,615.3,606.9,596.0,584.3,573.7,565.5,585.9,591.1,596.7,599.3,597.5,592.3,586.7,584.0,721.9,727.6,739.6,751.0,755.0,749.3,737.2,724.9,712.4,721.1,732.0,744.1,754.7,763.3,769.4,763.1,754.1,743.2,731.5,720.5,732.6,737.6,742.8,745.3,743.6,738.6,733.3,730.8,319.5,307.7,303.1,308.6,320.8,333.6,337.2,331.7,321.1,316.1,312.9,312.2,315.0,320.7,328.4,329.6,328.9,327.8,326.5,324.4,325.9,328.3,326.3,321.0,315.5,313.0,315.1,320.4,333.1,322.0,318.4,324.6,336.8,347.9,351.5,346.3,337.9,333.0,330.0,329.7,332.4,336.9,342.2,343.9,343.8,342.9,341.7,340.6,340.2,342.9,341.3,336.4,331.0,328.4,329.9,334.8,-24.2,-22.1,-17.5,-13.2,-11.7,-13.5,-18.4,-22.7,-29.6,-27.2,-23.8,-19.7,-15.3,-11.7,-9.1,-12.2,-16.2,-20.5,-24.4,-27.6,-20.0,-18.0,-16.0,-15.0,-15.7,-17.6,-19.7,-20.7,30.5,32.6,37.2,41.4,42.8,40.7,36.2,31.6,27.0,30.2,34.2,38.7,42.7,46.1,48.4,45.9,42.5,38.4,34.0,30.0,34.5,36.3,38.3,39.3,38.6,36.8,34.8,33.8,-14.9,-19.3,-21.0,-19.0,-14.5,-9.7,-8.4,-10.4,-14.4,-16.2,-17.4,-17.6,-16.6,-14.5,-11.6,-11.2,-11.5,-11.8,-12.4,-13.2,-12.6,-11.7,-12.4,-14.4,-16.4,-17.3,-16.6,-14.6,-10.0,-14.2,-15.5,-13.2,-8.7,-4.5,-3.2,-5.1,-8.2,-10.0,-11.2,-11.3,-10.3,-8.6,-6.7,-6.0,-6.0,-6.3,-6.8,-7.2,-7.4,-6.4,-7.0,-8.8,-10.8,-11.8,-11.2,-9.4,1107.1,1107.7,1107.4,1106.4,1105.2,1104.8,1104.9,1105.9,1112.5,1109.9,1107.0,1105.3,1104.8,1104.9,1105.6,1104.6,1104.0,1104.4,1106.4,1109.5,1106.9,1106.4,1106.3,1106.6,1107.1,1107.6,1107.7,1107.4,1116.5,1117.9,1118.9,1119.0,1118.0,1116.6,1115.6,1115.7,1116.9,1116.0,1115.6,1116.0,1117.7,1120.4,1123.2,1119.8,1116.7,1114.9,1114.6,1115.5,1117.3,1117.3,1117.8,1118.4,1118.8,1118.8,1118.3,1117.7,7.8,25.3,1187.4,0.04,0.077,0.075,497.9,495.8,498.2,505.0,519.9,544.4,570.9,604.1,647.9,692.8,732.7,767.1,792.6,809.4,821.1,830.6,837.6,527.7,548.8,577.7,608.4,636.5,706.9,740.0,770.3,796.1,809.7,668.7,665.3,662.4,659.7,618.8,637.8,657.1,678.1,696.9,557.8,576.3,597.8,616.4,596.0,574.5,710.8,732.2,753.9,771.0,753.0,731.7,581.7,608.7,635.0,653.8,674.8,701.5,725.1,699.1,672.5,650.2,630.0,604.9,592.1,634.5,653.7,674.9,713.7,674.0,652.5,633.2,315.7,366.5,417.7,468.1,514.2,556.2,591.1,618.3,627.9,622.9,598.3,567.0,530.1,489.4,447.4,406.0,365.8,270.5,246.4,235.1,238.1,251.3,258.3,253.7,258.5,273.4,298.3,315.6,348.0,379.7,412.4,434.4,441.8,449.5,444.9,439.4,320.8,312.8,314.9,325.7,329.9,328.7,335.2,328.5,331.6,342.2,345.9,343.3,498.5,485.8,480.9,486.9,484.1,492.3,507.0,526.0,533.3,534.4,531.5,521.9,500.4,499.5,502.5,501.7,507.9,508.6,510.1,507.3,-58.9,-59.9,-59.0,-56.2,-49.6,-39.2,-28.0,-14.4,3.2,21.2,37.6,51.9,62.4,69.1,73.8,77.7,80.8,-45.1,-36.5,-24.8,-12.5,-1.4,26.2,39.4,51.7,62.2,67.9,11.3,9.9,8.7,7.6,-8.3,-0.9,6.7,14.9,22.3,-32.9,-25.4,-16.8,-9.4,-17.5,-26.1,28.1,36.6,45.3,52.2,44.9,36.4,-23.2,-12.3,-1.9,5.4,13.6,24.2,33.9,23.3,12.8,4.0,-3.9,-13.8,-19.0,-2.2,5.4,13.7,29.3,13.3,4.9,-2.7,-18.4,2.7,24.0,45.0,63.7,80.4,93.7,103.7,107.3,105.7,96.7,84.6,69.5,52.8,35.6,18.8,2.4,-36.0,-45.5,-49.7,-48.1,-42.7,-39.9,-41.9,-40.3,-34.5,-24.7,-17.5,-4.7,7.7,20.3,29.3,32.1,35.0,33.2,31.2,-15.7,-18.8,-17.9,-13.6,-11.9,-12.4,-9.9,-12.5,-11.3,-7.1,-5.6,-6.6,55.2,49.5,47.4,49.7,48.6,52.1,58.6,65.5,68.0,68.2,67.2,63.8,55.8,54.8,55.9,55.7,58.8,58.3,58.8,57.8,1243.8,1246.3,1248.7,1248.1,1240.4,1229.3,1216.9,1203.9,1200.9,1206.4,1217.2,1225.5,1225.9,1223.5,1221.6,1222.8,1226.2,1206.1,1200.5,1192.5,1185.0,1179.9,1177.8,1183.7,1189.9,1195.4,1200.7,1182.0,1175.2,1168.3,1161.9,1180.9,1176.7,1173.0,1174.2,1177.0,1198.7,1194.6,1192.5,1191.6,1192.3,1194.0,1191.6,1192.4,1192.6,1195.8,1191.9,1191.4,1195.5,1181.7,1175.7,1174.6,1175.0,1181.4,1195.6,1183.5,1176.1,1173.8,1175.0,1181.3,1192.9,1178.7,1177.6,1178.4,1192.3,1177.5,1175.6,1176.9,2.51,0.069,0.083,0.075,659.8910000000001,424.00300000000004,-26.155,21.592,-11.884,13.062000000000001,0.488,0.775,-3.82,10.058,-12.363,5.822,-18.484,0.275,-2.237,-1.183,3.332,-1.7890000000000001,-7.872999999999999,-4.666,1.7080000000000002,-5.71,2.156,0.484,3.4419999999999997,-3.2110000000000003,-3.875,0.573,0.09699999999999999,0.254,-0.627,0.424,0.293,-0.598,0.217,-0.11800000000000001,2.58,3.69,0.0,0.94,0.39,1.38,0.0,0.82,0.91,1.33,0.45,0.49,0.77,0.43,0.89,1.27,1.55,1.0,1.0,0.0,0.0,1.0,0.0,0.0,1.0,1.0,1.0,1.0,0.0,0.0,1.0,1.0,1.0,0.0,1.0
71,2.336,0.98,0.085725,0.22184299999999998,-0.9713069999999999,-0.169493,0.201096,-0.9647969999999999,-0.043,0.215,574.3,579.9,592.2,603.8,608.1,603.3,590.2,578.5,560.0,566.4,575.3,586.2,598.2,608.1,615.2,607.0,596.1,584.5,573.8,565.4,585.7,591.0,596.5,599.1,597.2,591.9,586.4,583.8,721.9,727.7,739.7,750.9,754.7,748.9,736.9,724.7,712.9,721.4,732.1,744.0,754.7,763.4,769.4,763.0,754.0,743.2,731.6,720.8,732.3,737.4,742.8,745.4,743.6,738.6,733.2,730.6,319.4,307.5,302.9,308.2,320.4,333.3,336.9,331.6,320.9,315.9,312.7,311.9,314.7,320.2,327.9,329.1,328.6,327.7,326.4,324.3,325.6,328.0,326.0,320.6,315.1,312.7,314.7,320.1,333.0,322.0,318.6,324.7,336.8,347.8,351.2,346.0,337.5,332.8,329.9,329.6,332.3,336.8,342.1,343.9,344.0,343.1,341.7,340.5,340.1,342.8,341.3,336.4,330.9,328.2,329.7,334.7,-24.4,-22.3,-17.7,-13.4,-11.8,-13.6,-18.4,-22.8,-29.8,-27.4,-24.0,-19.9,-15.5,-11.8,-9.2,-12.2,-16.2,-20.5,-24.5,-27.7,-20.1,-18.2,-16.1,-15.2,-15.9,-17.8,-19.9,-20.8,30.8,33.0,37.6,41.8,43.2,40.9,36.4,31.8,27.4,30.6,34.6,39.1,43.2,46.5,48.9,46.4,42.9,38.7,34.4,30.3,34.7,36.6,38.7,39.7,39.0,37.2,35.1,34.1,-15.1,-19.5,-21.2,-19.2,-14.6,-9.9,-8.5,-10.5,-14.6,-16.4,-17.5,-17.8,-16.8,-14.7,-11.9,-11.4,-11.6,-11.9,-12.4,-13.3,-12.7,-11.8,-12.6,-14.6,-16.6,-17.6,-16.8,-14.8,-10.1,-14.3,-15.6,-13.3,-8.7,-4.6,-3.3,-5.3,-8.5,-10.2,-11.3,-11.4,-10.4,-8.8,-6.8,-6.1,-6.0,-6.4,-6.9,-7.3,-7.5,-6.5,-7.0,-8.9,-11.0,-12.0,-11.4,-9.5,1111.8,1112.3,1112.0,1111.1,1110.1,1109.8,1109.9,1110.8,1117.2,1114.7,1111.7,1110.0,1109.6,1109.8,1110.6,1109.7,1109.0,1109.4,1111.3,1114.4,1111.8,1111.3,1111.2,1111.4,1111.8,1112.3,1112.4,1112.2,1128.1,1129.4,1130.3,1130.2,1129.3,1128.0,1127.1,1127.3,1128.7,1127.8,1127.3,1127.6,1129.1,1131.8,1134.4,1131.2,1128.2,1126.4,1126.2,1127.2,1128.8,1128.8,1129.2,1129.8,1130.2,1130.2,1129.8,1129.3,7.7,25.5,1184.9,0.037000000000000005,0.07200000000000001,0.077,497.5,495.4,497.8,504.7,519.4,543.5,569.7,603.0,647.0,692.2,732.3,766.6,792.0,808.7,820.3,830.1,837.1,527.6,548.5,577.6,608.5,636.9,706.7,740.0,770.5,796.3,809.7,668.4,665.1,662.3,659.7,619.1,638.0,657.0,677.7,696.3,557.5,576.1,597.7,616.5,596.1,574.5,710.8,732.3,754.1,771.0,753.1,731.7,582.2,608.4,634.5,653.7,675.1,701.5,724.0,699.2,672.9,650.1,629.4,604.6,592.9,633.8,653.4,675.1,712.6,674.2,652.4,632.6,316.1,366.4,417.2,467.3,513.3,555.6,591.4,619.8,630.2,625.3,600.2,568.0,530.5,489.4,447.1,405.5,365.0,270.5,246.4,235.1,238.3,251.4,258.4,253.6,258.4,273.5,298.4,315.2,347.6,379.3,411.9,434.7,442.0,449.6,445.2,439.9,320.5,312.6,314.6,325.2,329.6,328.5,334.8,328.4,331.8,342.2,346.0,343.2,499.8,486.3,481.1,487.4,484.5,493.2,508.7,528.1,535.9,536.9,533.8,523.6,501.5,500.8,503.9,503.2,509.3,509.6,511.1,508.0,-58.9,-59.9,-59.0,-56.2,-49.7,-39.5,-28.4,-14.8,2.8,21.0,37.4,51.6,62.0,68.7,73.3,77.3,80.4,-45.1,-36.5,-24.8,-12.4,-1.2,26.1,39.4,51.7,62.2,67.8,11.2,9.8,8.7,7.6,-8.2,-0.8,6.6,14.7,22.0,-32.9,-25.4,-16.8,-9.3,-17.4,-26.0,28.1,36.6,45.3,52.1,44.9,36.4,-23.0,-12.4,-2.2,5.3,13.7,24.2,33.4,23.3,12.9,3.9,-4.1,-13.9,-18.7,-2.4,5.2,13.7,28.8,13.4,4.8,-2.9,-18.2,2.7,23.8,44.5,63.2,80.0,93.6,104.0,108.0,106.5,97.3,84.8,69.6,52.7,35.4,18.5,2.0,-35.9,-45.4,-49.5,-48.0,-42.6,-39.8,-41.9,-40.2,-34.4,-24.6,-17.6,-4.8,7.5,20.1,29.3,32.1,35.0,33.3,31.3,-15.7,-18.8,-18.0,-13.8,-12.1,-12.5,-10.0,-12.5,-11.2,-7.1,-5.6,-6.7,55.5,49.6,47.3,49.7,48.7,52.3,59.1,66.2,68.8,69.1,67.9,64.3,56.1,55.2,56.4,56.1,59.2,58.6,59.1,58.0,1240.1,1242.8,1245.6,1245.2,1237.4,1226.3,1213.9,1201.3,1198.7,1204.5,1215.3,1223.4,1223.8,1221.4,1219.4,1220.4,1223.5,1203.7,1198.1,1190.1,1182.8,1177.8,1175.9,1181.7,1188.0,1193.4,1198.7,1179.9,1173.0,1166.1,1159.6,1178.5,1174.5,1171.0,1172.2,1175.0,1196.3,1192.3,1190.3,1189.5,1190.1,1191.8,1189.7,1190.3,1190.5,1193.6,1189.9,1189.4,1191.8,1178.3,1172.8,1171.6,1172.1,1178.1,1191.8,1180.7,1173.9,1171.7,1172.9,1178.5,1189.1,1176.0,1174.9,1175.7,1188.6,1175.0,1173.2,1174.4,2.515,0.067,0.078,0.076,659.658,424.44199999999995,-27.119,20.775,-13.494000000000002,15.152999999999999,-1.1340000000000001,-1.186,-3.792,9.96,-11.231,5.256,-17.992,-1.301,-1.695,-0.445,3.364,-2.427,-8.463,-4.39,2.0980000000000003,-6.829,1.996,0.284,3.497,-2.7230000000000003,-3.778,0.726,-0.17,0.115,-0.618,0.331,0.113,-0.598,0.23399999999999999,-0.064,2.61,3.65,0.0,1.02,0.4,1.55,0.0,0.76,0.95,1.1,0.37,0.41,0.68,0.27,1.15,1.41,1.59,1.0,1.0,0.0,1.0,1.0,0.0,0.0,1.0,1.0,1.0,1.0,0.0,0.0,1.0,1.0,1.0,0.0,1.0
72,2.369,0.98,0.082661,0.22829000000000002,-0.9700780000000001,-0.179347,0.20466199999999998,-0.9622620000000001,-0.05,0.22,574.4,580.4,592.7,604.4,608.4,603.4,590.1,578.5,560.4,566.9,575.9,586.8,598.8,608.6,615.4,606.9,596.1,584.5,574.0,565.8,585.8,591.1,596.8,599.5,597.7,592.4,586.7,584.0,722.0,727.9,740.0,751.2,755.0,749.1,736.9,724.8,713.7,721.9,732.4,744.3,755.0,763.7,769.8,763.3,754.4,743.5,732.0,721.4,732.5,737.6,743.0,745.7,744.0,738.9,733.5,730.9,318.6,306.8,302.3,307.8,320.1,332.9,336.4,330.9,320.3,315.4,312.3,311.6,314.5,320.2,327.9,328.9,328.2,327.1,325.6,323.5,325.2,327.7,325.7,320.2,314.6,312.1,314.1,319.5,332.6,321.8,318.4,324.5,336.5,347.2,350.6,345.4,337.3,332.3,329.4,329.2,332.0,336.7,342.3,343.9,343.7,342.7,341.4,340.2,339.7,342.5,341.0,336.1,330.8,328.1,329.6,334.4,-24.3,-22.1,-17.5,-13.2,-11.7,-13.5,-18.4,-22.7,-29.6,-27.1,-23.7,-19.6,-15.2,-11.6,-9.1,-12.2,-16.2,-20.5,-24.4,-27.5,-20.1,-18.1,-16.0,-15.0,-15.6,-17.6,-19.7,-20.7,31.0,33.3,37.9,42.1,43.5,41.2,36.6,32.0,27.9,31.0,34.9,39.4,43.5,46.9,49.3,46.7,43.2,39.1,34.7,30.7,35.0,36.9,39.0,40.0,39.4,37.5,35.4,34.4,-15.3,-19.7,-21.3,-19.3,-14.7,-10.0,-8.7,-10.8,-14.8,-16.6,-17.7,-17.9,-16.8,-14.7,-11.9,-11.5,-11.7,-12.1,-12.7,-13.5,-12.9,-11.9,-12.7,-14.7,-16.8,-17.7,-17.0,-15.0,-10.4,-14.5,-15.7,-13.4,-8.9,-4.8,-3.6,-5.5,-8.6,-10.5,-11.6,-11.6,-10.6,-8.8,-6.7,-6.1,-6.2,-6.5,-7.0,-7.5,-7.7,-6.6,-7.2,-9.0,-11.1,-12.1,-11.5,-9.7,1109.7,1110.3,1110.0,1109.0,1107.9,1107.4,1107.6,1108.6,1114.9,1112.4,1109.5,1107.8,1107.3,1107.5,1108.2,1107.3,1106.7,1107.1,1109.1,1112.1,1109.6,1109.1,1108.9,1109.2,1109.7,1110.2,1110.4,1110.1,1133.9,1135.5,1136.3,1136.0,1134.7,1133.2,1132.3,1132.8,1134.3,1133.5,1133.1,1133.2,1134.6,1137.0,1139.3,1136.2,1133.3,1131.7,1131.6,1132.8,1134.4,1134.2,1134.6,1135.3,1135.9,1136.0,1135.6,1135.0,7.5,25.9,1177.5,0.066,0.077,0.081,497.2,495.2,497.8,505.2,519.9,543.2,568.2,600.6,644.6,690.5,730.5,765.2,790.8,808.0,820.4,830.2,837.4,529.1,549.5,578.2,609.3,637.2,707.6,740.6,771.1,796.6,809.1,669.2,665.8,662.9,660.2,619.4,638.0,656.9,677.8,696.4,558.0,576.5,598.0,616.4,596.2,574.9,711.6,732.8,754.4,770.9,753.4,732.1,581.9,607.1,633.8,652.5,673.5,700.8,723.0,697.6,669.9,647.4,627.0,602.1,592.3,632.9,652.0,673.1,712.0,671.6,650.0,630.5,315.1,365.3,415.5,465.3,512.1,556.0,594.0,624.9,636.8,631.6,605.1,570.8,531.6,489.8,447.2,404.8,363.5,270.5,245.7,234.4,237.9,251.7,258.9,253.2,257.7,273.0,298.1,315.4,347.6,379.1,411.6,433.5,441.4,449.5,445.2,439.7,320.3,312.0,314.2,325.0,329.2,327.9,334.8,328.0,331.3,342.2,345.8,343.0,501.2,486.6,481.8,488.2,485.9,495.1,511.8,536.7,546.1,546.8,543.0,529.7,503.0,499.9,503.2,503.0,512.5,521.6,523.0,519.3,-58.6,-59.5,-58.6,-55.5,-49.2,-39.3,-28.9,-15.7,1.8,20.2,36.4,50.7,61.0,67.8,72.7,76.8,79.9,-44.1,-35.8,-24.3,-12.0,-1.1,26.3,39.3,51.5,61.8,67.0,11.4,10.0,8.8,7.7,-8.0,-0.8,6.6,14.7,21.9,-32.4,-25.0,-16.6,-9.3,-17.2,-25.7,28.2,36.5,45.1,51.7,44.6,36.2,-23.0,-12.9,-2.4,4.9,13.0,23.8,32.8,22.6,11.6,2.9,-5.1,-14.8,-18.8,-2.8,4.7,12.9,28.4,12.3,3.9,-3.7,-18.4,2.2,22.9,43.3,62.3,79.6,94.2,105.7,110.1,108.5,98.6,85.3,69.4,52.4,35.2,18.1,1.4,-35.6,-45.2,-49.4,-47.7,-42.2,-39.3,-41.7,-40.2,-34.3,-24.5,-17.4,-4.8,7.4,19.8,28.6,31.6,34.7,33.0,31.0,-15.7,-18.9,-18.0,-13.8,-12.1,-12.6,-9.9,-12.6,-11.3,-7.0,-5.6,-6.7,55.8,49.5,47.3,49.8,48.9,52.7,60.0,69.2,72.5,72.7,71.3,66.4,56.4,54.5,55.7,55.7,60.2,63.0,63.5,62.1,1230.6,1233.1,1235.6,1235.4,1228.2,1218.6,1208.4,1196.8,1193.6,1197.9,1207.4,1214.4,1214.1,1211.3,1209.4,1210.9,1214.5,1193.1,1187.8,1179.9,1172.6,1168.1,1166.7,1172.4,1178.4,1184.0,1189.3,1170.0,1163.3,1156.8,1150.6,1169.9,1165.9,1162.4,1163.3,1165.9,1186.8,1182.9,1181.2,1180.1,1181.0,1182.5,1180.1,1180.9,1181.0,1184.2,1180.5,1179.9,1186.0,1172.0,1165.7,1164.5,1164.8,1171.5,1185.6,1175.3,1168.9,1166.9,1168.0,1173.6,1183.5,1168.6,1167.4,1168.3,1183.0,1169.8,1168.2,1169.4,2.533,0.094,0.083,0.081,659.21,425.967,-36.279,20.705,-6.574,18.715999999999998,0.575,-5.337999999999999,-0.99,8.126,-8.602,6.711,-17.756,-0.008,-2.367,-2.2880000000000003,2.62,-3.2,-6.282,-3.719,0.382,-5.757999999999999,0.47100000000000003,1.705,4.49,-3.292,-2.983,1.053,0.17800000000000002,0.29100000000000004,-0.41700000000000004,0.392,-0.023,-0.523,0.341,0.011000000000000001,2.66,3.66,0.0,1.22,0.48,1.68,0.0,0.81,1.07,0.92,0.19,0.24,0.55,0.17,1.47,1.61,1.6,1.0,1.0,0.0,0.0,1.0,0.0,0.0,1.0,1.0,1.0,1.0,0.0,0.0,1.0,1.0,1.0,0.0,1.0
73,2.4019999999999997,0.98,0.08682999999999999,0.238433,-0.9672700000000001,-0.185222,0.207389,-0.960564,-0.051,0.22699999999999998,574.9,580.8,593.1,604.6,608.5,603.5,590.4,578.9,561.3,567.4,576.0,586.9,599.0,608.7,615.5,606.9,596.0,584.4,574.2,566.3,586.3,591.5,597.1,599.7,598.0,592.8,587.2,584.6,722.3,728.2,740.2,751.2,754.9,749.0,737.0,725.1,714.1,722.2,732.6,744.6,755.4,764.1,770.1,763.6,754.6,743.7,732.3,721.8,732.7,737.7,743.1,745.7,744.1,739.1,733.7,731.1,318.9,307.0,302.5,308.0,320.3,333.2,336.8,331.2,320.5,315.4,312.3,311.6,314.6,320.3,328.2,329.1,328.4,327.3,325.8,323.7,325.3,327.8,325.8,320.4,314.9,312.4,314.4,319.8,332.9,322.0,318.6,324.7,336.6,347.4,350.8,345.7,338.0,332.8,329.6,329.3,332.2,336.9,342.6,344.2,344.1,343.1,341.8,340.7,339.9,342.6,341.1,336.2,330.8,328.1,329.6,334.5,-24.0,-21.9,-17.3,-13.1,-11.6,-13.4,-18.3,-22.5,-29.2,-26.9,-23.6,-19.6,-15.1,-11.5,-9.0,-12.2,-16.2,-20.5,-24.3,-27.3,-19.8,-17.9,-15.8,-14.9,-15.5,-17.4,-19.5,-20.5,31.2,33.5,38.1,42.2,43.6,41.3,36.8,32.2,28.1,31.2,35.1,39.7,43.8,47.2,49.6,47.0,43.4,39.3,34.9,31.0,35.2,37.1,39.1,40.1,39.5,37.7,35.6,34.6,-15.2,-19.6,-21.2,-19.2,-14.6,-9.9,-8.6,-10.6,-14.7,-16.5,-17.6,-17.8,-16.7,-14.6,-11.7,-11.4,-11.6,-12.1,-12.6,-13.4,-12.8,-11.9,-12.6,-14.6,-16.7,-17.6,-16.8,-14.9,-10.3,-14.4,-15.7,-13.4,-8.9,-4.8,-3.5,-5.4,-8.4,-10.3,-11.5,-11.6,-10.6,-8.8,-6.6,-6.0,-6.0,-6.4,-6.9,-7.3,-7.6,-6.6,-7.2,-9.0,-11.1,-12.1,-11.5,-9.7,1107.4,1107.8,1107.2,1106.1,1105.0,1104.8,1105.2,1106.4,1112.9,1110.2,1107.1,1105.2,1104.5,1104.6,1105.3,1104.5,1104.1,1104.7,1106.9,1110.0,1107.1,1106.6,1106.3,1106.5,1107.0,1107.5,1107.8,1107.6,1137.9,1139.1,1139.8,1139.6,1138.5,1137.3,1136.6,1137.0,1138.4,1137.5,1136.9,1137.1,1138.5,1141.1,1143.5,1140.4,1137.6,1135.9,1135.8,1136.9,1138.4,1138.3,1138.6,1139.2,1139.7,1139.8,1139.4,1138.9,7.4,26.2,1176.0,0.08,0.075,0.083,496.7,494.7,497.5,505.3,520.3,543.8,568.3,600.2,643.7,689.2,728.8,763.7,789.6,807.3,820.3,830.4,837.6,529.9,550.6,579.3,610.3,637.7,708.4,741.0,771.3,796.6,808.8,670.0,666.5,663.7,661.0,619.7,638.3,657.4,678.3,696.9,558.2,576.9,598.4,616.6,596.4,575.0,712.1,733.0,754.7,771.1,753.7,732.3,582.7,607.5,634.6,652.7,672.9,700.1,721.5,696.4,668.6,646.8,626.9,602.0,593.1,633.5,652.0,672.4,710.5,670.6,649.7,630.7,313.6,363.9,414.4,464.7,512.5,557.3,596.1,627.4,639.2,633.5,606.0,571.0,531.5,490.0,447.6,405.2,364.0,269.8,245.2,234.2,238.1,252.4,259.8,253.9,258.1,273.1,298.2,316.3,348.4,379.6,412.0,433.3,441.3,449.5,445.4,439.9,320.3,312.0,314.3,325.5,329.5,328.0,335.2,328.2,331.5,342.5,346.2,343.4,503.0,486.9,481.3,487.7,485.4,495.3,513.6,540.3,550.1,550.8,547.0,533.0,504.7,499.7,502.9,502.8,514.2,525.5,526.8,523.2,-58.6,-59.6,-58.6,-55.4,-48.9,-39.1,-28.9,-15.9,1.5,19.6,35.7,50.0,60.4,67.4,72.5,76.7,79.8,-43.6,-35.3,-23.8,-11.6,-0.9,26.5,39.4,51.5,61.7,66.8,11.7,10.3,9.1,8.1,-7.9,-0.7,6.7,14.8,22.1,-32.3,-24.8,-16.4,-9.2,-17.1,-25.6,28.3,36.6,45.1,51.7,44.7,36.2,-22.6,-12.7,-2.1,4.9,12.8,23.5,32.2,22.1,11.1,2.7,-5.1,-14.9,-18.5,-2.5,4.7,12.6,27.8,11.9,3.8,-3.6,-19.0,1.6,22.4,43.0,62.4,80.1,95.1,106.7,111.1,109.2,98.9,85.3,69.3,52.4,35.2,18.2,1.6,-35.8,-45.3,-49.4,-47.5,-41.8,-38.9,-41.4,-40.0,-34.2,-24.4,-17.0,-4.5,7.6,19.9,28.6,31.6,34.6,33.1,31.0,-15.7,-18.9,-18.0,-13.6,-12.0,-12.6,-9.7,-12.5,-11.2,-6.9,-5.4,-6.5,56.5,49.5,47.1,49.5,48.6,52.8,60.7,70.6,74.0,74.2,72.8,67.6,57.0,54.4,55.5,55.5,60.8,64.5,64.9,63.6,1228.0,1230.8,1233.5,1233.4,1226.5,1217.5,1208.3,1197.3,1193.9,1197.5,1206.1,1212.6,1211.9,1208.8,1207.0,1208.8,1212.4,1189.2,1184.3,1176.5,1169.8,1165.8,1164.6,1170.4,1176.3,1181.9,1187.2,1167.7,1161.3,1155.1,1149.2,1168.1,1164.2,1160.8,1161.7,1164.2,1184.1,1180.1,1178.5,1177.3,1178.4,1179.8,1177.8,1178.7,1178.9,1182.3,1178.4,1177.7,1184.9,1170.7,1164.1,1163.0,1163.4,1170.4,1185.0,1174.8,1168.5,1166.5,1167.6,1172.9,1182.5,1167.2,1166.1,1166.9,1182.5,1169.2,1167.6,1168.8,2.536,0.109,0.081,0.083,659.2239999999999,426.72900000000004,-39.966,22.108,-4.888,20.094,1.109,-7.89,1.03,7.752999999999999,-8.447000000000001,6.082000000000001,-17.332,1.985,-2.702,-2.5989999999999998,2.802,-3.242,-5.4670000000000005,-3.952,0.63,-5.145,0.051,1.8119999999999998,5.084,-3.861,-2.8930000000000002,1.232,0.958,0.27899999999999997,-0.386,0.282,0.16699999999999998,-0.517,0.295,0.018000000000000002,2.67,3.61,0.0,1.22,0.52,1.54,0.0,0.93,1.17,0.72,0.1,0.07,0.44,0.08,1.81,1.74,1.56,1.0,1.0,0.0,0.0,1.0,0.0,0.0,1.0,1.0,1.0,1.0,0.0,0.0,1.0,1.0,1.0,0.0,1.0
74,2.436,0.98,0.080978,0.235725,-0.96844,-0.183322,0.210407,-0.9602719999999999,-0.053,0.22699999999999998,574.3,580.5,593.0,604.6,608.3,603.0,589.6,578.1,560.7,567.1,576.0,586.8,598.8,608.5,615.1,606.5,595.7,584.1,573.9,565.9,585.5,590.8,596.7,599.6,597.9,592.5,586.7,583.8,721.9,727.8,740.0,751.3,755.1,749.2,737.0,724.8,713.6,721.9,732.4,744.4,755.1,763.7,769.7,763.4,754.5,743.7,732.2,721.5,732.5,737.6,743.0,745.7,743.9,738.9,733.4,730.8,319.5,307.8,303.5,309.2,321.5,334.3,337.5,331.8,321.6,316.5,313.4,312.8,315.7,321.4,329.2,330.2,329.4,328.3,326.8,324.7,326.4,329.0,327.1,321.6,315.9,313.2,315.2,320.6,334.1,323.2,319.9,326.0,338.1,349.0,352.3,347.1,339.3,334.0,330.9,330.6,333.5,338.3,344.0,345.7,345.7,344.8,343.5,342.2,341.4,344.1,342.6,337.7,332.3,329.6,331.1,335.9,-24.3,-22.0,-17.4,-13.1,-11.7,-13.6,-18.6,-22.9,-29.4,-27.0,-23.7,-19.6,-15.2,-11.6,-9.2,-12.3,-16.3,-20.6,-24.4,-27.4,-20.1,-18.2,-16.0,-14.9,-15.6,-17.6,-19.7,-20.8,30.7,32.9,37.5,41.7,43.1,40.9,36.3,31.7,27.6,30.6,34.6,39.1,43.1,46.5,48.8,46.3,42.9,38.8,34.4,30.5,34.7,36.6,38.6,39.6,39.0,37.1,35.0,34.0,-15.0,-19.3,-20.9,-18.8,-14.2,-9.5,-8.3,-10.4,-14.3,-16.1,-17.2,-17.4,-16.3,-14.2,-11.4,-11.0,-11.3,-11.7,-12.3,-13.1,-12.4,-11.4,-12.2,-14.2,-16.3,-17.3,-16.6,-14.5,-9.7,-13.8,-15.1,-12.7,-8.2,-4.1,-2.9,-4.8,-7.8,-9.7,-10.9,-11.0,-9.9,-8.2,-6.0,-5.4,-5.4,-5.7,-6.2,-6.7,-7.0,-5.9,-6.5,-8.3,-10.4,-11.4,-10.9,-9.0,1108.9,1109.6,1109.2,1108.0,1106.7,1106.2,1106.3,1107.5,1113.9,1111.4,1108.5,1106.8,1106.3,1106.3,1106.9,1106.0,1105.4,1105.9,1108.0,1111.1,1108.5,1107.9,1107.8,1108.1,1108.7,1109.3,1109.5,1109.1,1123.4,1124.9,1125.9,1125.7,1124.4,1122.9,1122.0,1122.3,1123.6,1122.9,1122.6,1122.9,1124.3,1126.8,1129.2,1126.1,1123.1,1121.3,1121.2,1122.2,1124.0,1123.9,1124.3,1125.0,1125.5,1125.6,1125.2,1124.5,7.2,26.5,1179.2,0.087,0.08199999999999999,0.084,497.0,494.9,497.6,505.1,520.1,543.7,568.5,600.6,643.9,689.1,728.6,763.3,789.0,806.7,819.7,829.9,837.2,529.5,550.3,578.8,609.5,637.0,708.2,740.9,770.9,796.4,808.9,669.7,666.1,663.1,660.3,618.6,637.4,656.6,677.8,696.7,557.8,576.6,598.1,616.3,596.0,574.5,711.6,732.8,754.5,771.0,753.4,732.0,580.5,605.8,633.2,651.6,672.1,699.8,722.0,695.9,667.5,645.4,625.3,600.0,590.9,632.1,650.9,671.6,710.8,669.7,648.5,629.2,312.2,362.8,413.5,464.1,512.4,557.6,596.6,627.6,638.9,632.8,605.2,570.2,531.0,489.8,447.6,405.3,364.1,270.8,246.4,235.4,239.4,253.6,261.3,255.7,259.8,274.6,299.5,317.6,349.9,381.3,413.8,434.3,442.4,450.8,446.6,441.1,321.2,313.1,315.4,326.7,330.7,329.1,336.6,329.6,332.9,343.8,347.6,344.8,502.7,487.1,481.8,488.3,486.0,495.8,513.8,540.3,549.9,550.6,546.8,532.8,504.6,500.3,503.6,503.5,514.6,525.1,526.4,522.8,-58.7,-59.7,-58.7,-55.6,-49.2,-39.2,-28.9,-15.8,1.6,19.7,35.7,49.9,60.3,67.3,72.4,76.6,79.8,-43.9,-35.5,-24.1,-11.9,-1.2,26.5,39.4,51.4,61.7,66.9,11.6,10.1,8.9,7.8,-8.4,-1.0,6.4,14.7,22.1,-32.5,-25.0,-16.5,-9.3,-17.3,-25.8,28.2,36.5,45.1,51.7,44.6,36.2,-23.6,-13.4,-2.6,4.5,12.5,23.4,32.5,22.0,10.7,2.1,-5.7,-15.7,-19.4,-3.1,4.3,12.3,28.0,11.6,3.3,-4.2,-19.6,1.1,22.1,42.9,62.5,80.5,95.6,107.1,111.3,109.2,98.8,85.2,69.2,52.4,35.3,18.3,1.6,-35.4,-44.9,-49.0,-47.1,-41.5,-38.4,-40.8,-39.4,-33.7,-24.0,-16.5,-3.9,8.2,20.7,29.0,32.1,35.2,33.6,31.5,-15.3,-18.5,-17.5,-13.1,-11.6,-12.2,-9.2,-12.0,-10.7,-6.4,-4.9,-6.0,56.6,49.8,47.4,49.9,49.0,53.1,60.9,70.8,74.1,74.3,72.9,67.8,57.2,54.7,56.0,56.0,61.1,64.5,64.9,63.6,1231.4,1234.3,1237.0,1236.9,1230.1,1221.2,1212.0,1200.8,1197.3,1200.7,1209.2,1215.5,1214.5,1211.3,1209.1,1210.7,1214.3,1191.9,1187.0,1179.2,1172.5,1168.6,1167.3,1173.0,1178.7,1184.2,1189.3,1170.3,1164.1,1158.1,1152.5,1171.5,1167.5,1164.0,1164.8,1167.3,1186.8,1182.9,1181.2,1179.9,1181.0,1182.5,1180.4,1181.2,1181.4,1184.6,1180.9,1180.2,1188.9,1174.4,1167.5,1166.3,1166.6,1173.6,1188.5,1178.0,1171.3,1169.3,1170.5,1176.4,1186.5,1170.6,1169.4,1170.1,1186.0,1172.1,1170.5,1171.8,2.53,0.115,0.08900000000000001,0.084,658.666,427.272,-40.179,23.103,-4.552,18.418,0.809,-7.204,-0.426,7.409,-9.261000000000001,5.724,-17.948,2.7,-2.673,-2.1109999999999998,2.298,-2.4090000000000003,-5.249,-3.431,1.0070000000000001,-5.223,-0.23800000000000002,1.375,4.973,-4.136,-3.1919999999999997,1.423,0.945,0.40399999999999997,-0.34600000000000003,0.25,0.266,-0.452,0.298,0.048,2.64,3.68,0.0,1.25,0.56,1.33,0.0,1.15,1.2,0.93,0.18,0.03,0.57,0.12,1.95,1.74,1.53,1.0,1.0,0.0,1.0,1.0,1.0,0.0,1.0,1.0,1.0,1.0,0.0,0.0,1.0,1.0,1.0,0.0,1.0
75,2.469,0.98,0.076063,0.24539699999999998,-0.966434,-0.178963,0.21547,-0.9599709999999999,-0.053,0.235,573.4,579.7,592.2,603.7,607.4,602.0,588.6,577.1,560.3,566.5,575.0,585.8,597.9,607.6,614.4,605.7,594.7,583.0,572.9,565.2,584.8,590.0,595.8,598.7,597.0,591.7,586.0,583.1,721.2,727.0,739.1,750.3,754.2,748.5,736.4,724.1,712.0,720.6,731.4,743.5,754.2,762.8,768.9,762.4,753.4,742.5,731.0,720.1,731.7,736.8,742.3,744.9,743.1,738.0,732.6,730.0,321.4,309.5,305.2,310.8,323.3,336.2,339.5,333.8,323.2,318.1,314.9,314.3,317.3,323.0,331.0,331.9,331.0,329.8,328.3,326.3,328.2,330.8,328.8,323.3,317.6,315.0,317.0,322.5,336.0,325.0,321.6,327.8,339.9,350.9,354.2,349.0,341.2,336.0,332.7,332.3,335.1,340.0,345.8,347.4,347.2,346.2,345.0,343.9,343.2,346.0,344.5,339.5,334.1,331.3,332.8,337.8,-24.4,-22.2,-17.6,-13.3,-11.9,-13.9,-18.8,-23.1,-29.4,-27.1,-23.9,-19.8,-15.4,-11.9,-9.4,-12.6,-16.6,-20.9,-24.6,-27.5,-20.3,-18.3,-16.2,-15.2,-15.8,-17.7,-19.9,-20.9,30.2,32.4,36.9,41.1,42.5,40.3,35.8,31.2,26.8,29.9,33.9,38.4,42.4,45.8,48.2,45.6,42.1,38.0,33.7,29.7,34.1,36.0,38.0,39.0,38.4,36.5,34.4,33.4,-14.2,-18.5,-20.1,-18.0,-13.5,-8.7,-7.5,-9.6,-13.6,-15.4,-16.5,-16.7,-15.6,-13.5,-10.6,-10.3,-10.6,-11.0,-11.6,-12.4,-11.7,-10.7,-11.4,-13.4,-15.6,-16.5,-15.8,-13.8,-8.9,-13.0,-14.3,-12.0,-7.5,-3.4,-2.1,-4.1,-7.0,-8.9,-10.1,-10.3,-9.2,-7.4,-5.3,-4.7,-4.8,-5.1,-5.6,-6.0,-6.2,-5.2,-5.8,-7.6,-9.6,-10.7,-10.1,-8.3,1101.7,1102.2,1101.7,1100.3,1099.0,1098.7,1099.1,1100.4,1107.0,1104.4,1101.3,1099.4,1098.7,1098.7,1099.2,1098.4,1098.0,1098.7,1101.0,1104.1,1101.2,1100.6,1100.3,1100.6,1101.2,1101.8,1102.1,1101.8,1114.2,1115.7,1116.7,1116.6,1115.5,1114.0,1113.0,1113.2,1114.5,1113.6,1113.2,1113.6,1115.2,1117.9,1120.6,1117.2,1114.1,1112.3,1112.1,1113.0,1114.8,1114.8,1115.3,1115.9,1116.4,1116.5,1116.0,1115.3,6.8,27.0,1183.2,0.099,0.08800000000000001,0.085,496.6,494.6,497.3,504.5,519.3,542.8,567.6,599.2,642.6,688.0,727.9,762.8,788.6,806.3,819.0,829.2,836.5,528.6,549.5,577.9,608.6,636.2,707.1,739.8,770.0,795.6,808.1,668.9,665.1,661.9,659.0,616.9,635.9,655.3,676.8,695.9,557.0,575.9,597.3,615.4,595.1,573.7,710.5,731.7,753.4,770.0,752.4,731.0,577.7,603.3,631.0,650.0,671.4,699.7,722.7,695.7,666.3,643.3,622.6,597.1,587.9,629.9,649.4,670.9,711.5,668.7,646.6,626.7,311.8,362.8,413.8,464.4,512.4,557.0,595.1,625.5,636.8,631.1,604.1,569.8,530.9,489.9,447.9,405.7,364.4,272.7,248.4,237.5,241.4,255.7,263.4,257.6,261.8,276.6,301.5,319.6,352.1,383.8,416.5,435.6,443.9,452.6,448.4,442.8,322.7,314.6,317.1,328.7,332.2,330.5,338.7,331.4,334.5,345.5,349.2,346.6,501.8,486.9,482.3,488.9,486.8,496.3,513.7,540.6,550.6,551.2,547.1,532.6,503.9,500.1,503.6,503.6,514.7,526.6,527.9,524.0,-59.1,-60.0,-59.0,-56.1,-49.7,-39.7,-29.4,-16.4,1.0,19.3,35.6,49.9,60.4,67.3,72.4,76.6,79.8,-44.4,-35.9,-24.5,-12.3,-1.5,26.2,39.1,51.2,61.5,66.8,11.3,9.8,8.5,7.3,-9.0,-1.6,5.9,14.3,21.8,-32.9,-25.3,-16.8,-9.7,-17.7,-26.2,27.8,36.2,44.8,51.5,44.3,35.9,-24.8,-14.4,-3.5,3.9,12.3,23.4,32.9,21.9,10.3,1.3,-6.8,-16.9,-20.7,-3.9,3.7,12.1,28.4,11.3,2.6,-5.2,-19.9,1.2,22.3,43.2,62.7,80.5,95.3,106.6,110.8,108.8,98.7,85.3,69.4,52.6,35.5,18.5,1.8,-34.8,-44.3,-48.3,-46.5,-40.7,-37.7,-40.1,-38.7,-33.0,-23.2,-15.8,-3.1,9.2,21.8,29.6,32.8,36.1,34.4,32.3,-14.8,-17.9,-16.9,-12.4,-11.0,-11.7,-8.4,-11.3,-10.1,-5.7,-4.2,-5.3,56.4,49.9,47.8,50.3,49.5,53.5,61.2,71.2,74.7,74.8,73.3,68.0,57.2,54.9,56.2,56.2,61.4,65.3,65.7,64.3,1235.8,1238.5,1241.1,1241.0,1234.6,1225.9,1216.6,1205.0,1201.2,1204.6,1213.3,1219.6,1218.4,1215.1,1212.7,1214.5,1218.3,1195.7,1190.6,1182.6,1175.6,1171.3,1170.1,1175.8,1181.3,1186.9,1192.2,1173.5,1167.6,1161.8,1156.5,1175.7,1171.5,1167.8,1168.6,1170.9,1190.2,1186.2,1184.5,1183.2,1184.3,1185.8,1183.4,1184.2,1184.3,1187.5,1183.8,1183.2,1194.2,1179.4,1172.1,1170.7,1171.0,1178.2,1193.2,1182.5,1175.4,1173.5,1174.9,1181.4,1191.8,1175.0,1173.6,1174.3,1190.8,1176.3,1174.9,1176.3,2.522,0.126,0.095,0.084,657.586,428.094,-39.933,22.794,-2.427,15.957,1.882,-6.0920000000000005,-1.2209999999999999,7.011,-9.96,7.155,-18.277,2.656,-2.205,-1.153,1.5619999999999998,-1.4380000000000002,-4.178999999999999,-3.562,0.457,-5.193,-0.040999999999999995,1.935,4.843999999999999,-4.261,-2.931,1.511,1.064,0.616,-0.161,0.282,0.324,-0.45399999999999996,0.29100000000000004,0.063,2.68,3.68,0.0,1.34,0.6,1.28,0.0,1.42,1.16,1.01,0.28,0.0,0.64,0.14,2.01,1.59,1.53,1.0,1.0,0.0,1.0,1.0,1.0,0.0,1.0,1.0,1.0,1.0,0.0,0.0,1.0,1.0,1.0,0.0,1.0
76,2.503,0.98,0.074698,0.24767600000000004,-0.965959,-0.18099500000000002,0.216257,-0.959413,-0.055,0.23600000000000002,572.7,578.9,591.4,602.9,606.6,601.3,587.8,576.4,559.6,565.7,574.2,585.0,597.1,606.9,613.6,604.9,593.9,582.2,572.1,564.4,584.0,589.3,595.0,597.9,596.3,591.0,585.2,582.3,720.4,726.1,738.1,749.3,753.1,747.3,735.4,723.2,710.5,719.2,730.1,742.5,753.5,762.2,768.2,761.7,752.6,741.6,730.0,718.9,730.7,735.8,741.2,743.8,742.1,737.0,731.6,729.0,322.3,310.4,306.1,311.9,324.4,337.3,340.6,334.8,323.9,318.8,315.8,315.2,318.3,324.2,332.1,333.0,332.1,330.9,329.3,327.1,329.2,331.8,329.8,324.4,318.6,315.9,317.9,323.4,337.4,326.2,322.8,329.0,341.3,352.4,355.9,350.5,342.7,337.5,334.1,333.5,336.4,341.2,347.0,348.7,348.6,347.7,346.5,345.4,344.6,347.4,345.8,340.8,335.2,332.4,334.0,339.0,-24.6,-22.4,-17.8,-13.6,-12.2,-14.1,-19.0,-23.3,-29.6,-27.3,-24.1,-20.1,-15.6,-12.1,-9.6,-12.8,-16.8,-21.1,-24.8,-27.7,-20.5,-18.5,-16.4,-15.4,-16.0,-17.9,-20.1,-21.1,29.5,31.7,36.1,40.2,41.6,39.4,35.0,30.5,25.9,29.1,33.1,37.6,41.7,45.0,47.4,44.8,41.4,37.3,33.0,29.0,33.3,35.2,37.2,38.2,37.6,35.7,33.7,32.7,-13.8,-18.1,-19.7,-17.6,-13.0,-8.3,-7.1,-9.2,-13.3,-15.1,-16.2,-16.4,-15.2,-13.1,-10.2,-9.8,-10.2,-10.6,-11.2,-12.1,-11.3,-10.3,-11.0,-13.0,-15.1,-16.1,-15.4,-13.4,-8.3,-12.4,-13.7,-11.4,-6.9,-2.8,-1.5,-3.5,-6.3,-8.2,-9.5,-9.7,-8.7,-6.9,-4.8,-4.2,-4.2,-4.5,-5.0,-5.3,-5.7,-4.6,-5.2,-7.1,-9.1,-10.2,-9.6,-7.7,1097.9,1098.3,1097.7,1096.4,1095.2,1094.9,1095.4,1096.7,1103.4,1100.7,1097.6,1095.6,1094.9,1094.9,1095.4,1094.7,1094.4,1095.1,1097.4,1100.5,1097.5,1096.9,1096.6,1096.7,1097.3,1097.9,1098.2,1098.0,1101.4,1102.7,1103.6,1103.8,1103.0,1101.7,1100.8,1100.8,1101.9,1100.9,1100.4,1100.8,1102.6,1105.6,1108.6,1105.0,1101.9,1100.1,1099.7,1100.6,1102.3,1102.4,1102.8,1103.4,1103.7,1103.7,1103.2,1102.7,6.5,27.2,1184.2,0.10300000000000001,0.091,0.085,496.0,494.1,496.7,503.8,518.6,542.1,567.0,598.5,641.7,687.2,727.2,762.1,787.9,805.6,818.3,828.5,836.1,527.6,548.6,577.1,607.7,635.3,706.1,738.9,769.3,795.0,807.5,668.0,663.9,660.6,657.5,615.4,634.4,653.9,675.5,694.8,556.1,575.2,596.6,614.7,594.3,572.8,709.3,730.7,752.5,769.3,751.5,730.0,576.2,601.8,629.5,648.8,670.6,698.9,722.0,694.9,665.5,642.1,621.0,595.6,586.3,628.5,648.2,670.2,710.7,668.0,645.4,625.2,311.3,362.9,414.4,465.3,513.0,557.3,594.8,624.5,635.5,630.0,603.6,569.7,531.1,490.1,448.1,405.8,364.3,273.7,249.4,238.6,242.6,256.8,264.6,259.2,263.4,278.4,303.5,320.9,353.6,385.5,418.3,436.5,444.9,453.7,449.5,443.9,323.4,315.4,318.1,330.0,333.3,331.4,340.2,332.6,335.8,346.9,350.6,348.0,501.7,486.9,482.4,489.1,487.1,496.5,513.8,540.6,550.8,551.5,547.3,532.7,503.8,499.9,503.6,503.6,514.7,527.1,528.3,524.4,-59.4,-60.3,-59.4,-56.4,-50.0,-40.1,-29.7,-16.7,0.7,19.0,35.3,49.7,60.2,67.1,72.1,76.4,79.7,-44.9,-36.3,-24.8,-12.7,-1.8,25.8,38.8,50.9,61.4,66.6,10.9,9.3,8.0,6.7,-9.7,-2.2,5.4,13.9,21.4,-33.3,-25.7,-17.1,-10.0,-18.1,-26.6,27.4,35.8,44.4,51.2,44.0,35.5,-25.4,-15.1,-4.1,3.4,12.0,23.2,32.6,21.7,10.0,0.8,-7.4,-17.5,-21.4,-4.5,3.2,11.8,28.1,11.0,2.1,-5.8,-20.1,1.2,22.5,43.6,63.1,80.7,95.3,106.3,110.4,108.5,98.6,85.4,69.6,52.8,35.6,18.6,1.8,-34.4,-43.9,-47.9,-46.0,-40.3,-37.2,-39.5,-38.0,-32.3,-22.5,-15.3,-2.5,9.9,22.5,30.0,33.2,36.5,34.9,32.8,-14.5,-17.6,-16.6,-11.8,-10.5,-11.3,-7.8,-10.8,-9.6,-5.2,-3.7,-4.7,56.5,50.0,47.9,50.4,49.6,53.7,61.2,71.2,74.8,75.0,73.4,68.1,57.2,54.9,56.2,56.2,61.5,65.6,66.0,64.5,1237.4,1240.0,1242.6,1242.5,1236.2,1227.7,1218.1,1206.3,1202.5,1205.9,1214.8,1221.2,1219.9,1216.5,1214.0,1215.8,1219.8,1197.0,1191.6,1183.5,1176.3,1171.7,1170.3,1176.1,1181.8,1187.5,1192.9,1174.3,1168.5,1162.8,1157.5,1176.8,1172.5,1168.8,1169.5,1171.8,1191.2,1187.0,1185.3,1184.0,1185.1,1186.6,1184.1,1184.8,1184.9,1188.2,1184.4,1183.9,1195.6,1180.7,1173.3,1171.7,1172.0,1179.4,1194.4,1183.5,1176.3,1174.5,1176.0,1182.7,1193.3,1176.2,1174.7,1175.4,1192.0,1177.3,1175.9,1177.5,2.52,0.131,0.099,0.085,656.632,428.67800000000005,-38.053000000000004,22.802,-1.6119999999999999,15.07,2.334,-5.7379999999999995,-1.412,6.6979999999999995,-10.815,7.037000000000001,-18.335,2.267,-1.6680000000000001,-0.531,1.43,-0.993,-3.589,-3.889,0.27,-5.207000000000001,0.36200000000000004,2.345,4.293,-4.355,-2.81,1.53,1.107,0.69,-0.126,0.342,0.377,-0.503,0.282,0.005,2.76,3.67,0.0,1.4,0.63,1.35,0.0,1.58,1.14,1.03,0.38,0.02,0.75,0.17,2.01,1.33,1.54,1.0,1.0,0.0,1.0,1.0,0.0,0.0,1.0,1.0,1.0,1.0,0.0,0.0,1.0,1.0,1.0,0.0,1.0
77,2.536,0.98,0.073956,0.241921,-0.9674729999999999,-0.18390399999999998,0.21513400000000002,-0.9591120000000001,-0.057,0.233,572.2,578.4,590.9,602.3,606.0,600.6,587.3,575.8,559.1,565.2,573.8,584.5,596.6,606.2,612.8,604.1,593.2,581.6,571.6,564.0,583.5,588.7,594.4,597.3,595.6,590.4,584.7,581.8,719.8,725.6,737.6,748.7,752.5,746.7,734.8,722.6,710.2,718.8,729.6,741.9,752.9,761.6,767.6,761.1,752.1,741.1,729.4,718.5,730.1,735.2,740.7,743.3,741.6,736.5,731.0,728.3,321.2,309.3,305.0,310.7,323.2,336.0,339.3,333.6,322.8,317.7,314.6,314.1,317.1,322.9,330.9,331.8,331.0,329.8,328.2,326.0,327.9,330.6,328.6,323.2,317.5,314.8,316.8,322.2,336.6,325.5,322.0,328.1,340.4,351.5,355.0,349.7,341.5,336.5,333.2,332.6,335.5,340.2,345.9,347.6,347.6,346.7,345.5,344.3,343.7,346.6,345.0,339.9,334.3,331.4,333.0,338.1,-25.0,-22.7,-18.1,-13.9,-12.5,-14.5,-19.4,-23.6,-30.0,-27.6,-24.4,-20.4,-16.0,-12.4,-10.0,-13.2,-17.2,-21.5,-25.2,-28.1,-20.8,-18.9,-16.8,-15.7,-16.4,-18.3,-20.4,-21.5,29.5,31.7,36.1,40.3,41.7,39.5,35.0,30.5,26.0,29.1,33.1,37.7,41.8,45.1,47.5,44.9,41.5,37.3,33.0,29.0,33.3,35.2,37.3,38.3,37.6,35.7,33.7,32.7,-14.3,-18.7,-20.3,-18.1,-13.6,-8.8,-7.6,-9.7,-13.8,-15.7,-16.7,-16.9,-15.8,-13.6,-10.7,-10.4,-10.7,-11.1,-11.7,-12.6,-11.8,-10.9,-11.6,-13.6,-15.7,-16.7,-15.9,-13.9,-8.7,-12.8,-14.1,-11.8,-7.3,-3.2,-1.9,-3.8,-6.8,-8.7,-9.9,-10.1,-9.1,-7.3,-5.3,-4.6,-4.6,-4.9,-5.4,-5.8,-6.0,-5.0,-5.6,-7.5,-9.5,-10.6,-10.0,-8.1,1106.7,1107.2,1106.6,1105.3,1104.0,1103.7,1104.2,1105.5,1111.9,1109.3,1106.2,1104.3,1103.6,1103.6,1104.2,1103.4,1103.1,1103.7,1106.0,1109.1,1106.3,1105.7,1105.4,1105.6,1106.2,1106.8,1107.0,1106.8,1109.3,1110.4,1111.3,1111.4,1110.7,1109.5,1108.6,1108.7,1109.9,1108.9,1108.3,1108.7,1110.4,1113.3,1116.2,1112.8,1109.7,1107.9,1107.6,1108.5,1110.1,1110.2,1110.6,1111.1,1111.5,1111.4,1111.0,1110.5,6.3,26.6,1187.6,0.092,0.09300000000000001,0.085,496.1,494.1,496.5,503.2,517.6,541.1,566.5,598.7,642.5,688.2,728.3,763.0,788.5,805.7,818.0,828.2,835.7,527.3,548.4,576.9,607.5,635.0,705.2,738.2,768.7,794.5,807.3,667.2,663.1,659.7,656.5,614.5,633.6,653.1,674.7,694.0,555.7,574.6,596.0,614.0,593.6,572.3,708.8,730.2,751.9,768.7,750.9,729.4,576.0,601.5,628.8,648.1,669.9,698.0,721.2,694.3,665.3,641.9,620.9,595.7,586.0,627.8,647.6,669.6,709.9,667.7,645.1,625.0,311.4,362.7,413.8,464.4,511.6,555.3,592.2,621.3,632.0,626.5,600.7,567.6,529.6,488.9,447.2,405.3,364.2,272.1,247.9,237.3,241.3,255.6,263.4,258.1,262.5,277.4,302.4,319.8,352.3,383.9,416.5,434.9,443.3,452.0,447.8,442.2,322.2,314.3,316.9,328.8,332.1,330.2,339.1,331.7,334.9,345.9,349.6,346.9,500.0,485.2,480.7,487.3,485.2,494.5,511.8,536.9,546.4,547.1,543.1,529.5,501.9,498.1,501.7,501.6,512.6,523.1,524.4,520.6,-59.6,-60.5,-59.7,-56.8,-50.6,-40.6,-29.9,-16.7,1.0,19.4,35.8,50.2,60.5,67.4,72.3,76.5,79.8,-45.1,-36.5,-25.0,-12.8,-2.0,25.5,38.6,50.9,61.4,66.7,10.7,9.0,7.7,6.4,-10.0,-2.5,5.1,13.6,21.2,-33.6,-26.0,-17.4,-10.3,-18.4,-26.9,27.2,35.7,44.4,51.2,43.9,35.4,-25.6,-15.2,-4.4,3.2,11.7,22.9,32.4,21.5,10.0,0.7,-7.5,-17.5,-21.5,-4.8,3.0,11.6,27.8,10.9,2.0,-5.9,-20.1,1.1,22.4,43.4,62.7,80.2,94.5,105.3,109.2,107.3,97.7,84.7,69.2,52.4,35.4,18.4,1.7,-35.2,-44.7,-48.6,-46.7,-40.9,-37.8,-40.1,-38.6,-32.8,-23.0,-15.8,-3.0,9.3,21.9,29.5,32.6,36.0,34.3,32.2,-15.1,-18.1,-17.1,-12.4,-11.1,-11.8,-8.3,-11.2,-10.0,-5.6,-4.1,-5.2,55.9,49.4,47.3,49.9,49.0,53.0,60.6,69.9,73.3,73.4,72.0,67.0,56.6,54.3,55.6,55.6,60.8,64.2,64.6,63.2,1241.9,1244.4,1246.8,1246.6,1240.3,1231.3,1221.0,1208.6,1204.6,1208.3,1217.5,1224.2,1223.3,1220.1,1217.6,1219.4,1223.4,1201.5,1196.1,1188.0,1180.6,1175.8,1174.3,1180.0,1185.7,1191.4,1197.0,1178.4,1172.5,1166.7,1161.3,1180.4,1176.2,1172.3,1173.1,1175.4,1195.4,1191.3,1189.5,1188.2,1189.3,1190.8,1188.0,1188.8,1188.9,1192.2,1188.4,1187.8,1198.4,1183.6,1176.4,1174.9,1175.2,1182.4,1197.2,1186.1,1178.9,1177.1,1178.6,1185.2,1196.1,1179.2,1177.7,1178.4,1194.7,1180.1,1178.7,1180.3,2.512,0.12,0.102,0.084,656.2289999999999,426.907,-35.486,23.013,-3.4210000000000003,13.569,2.097,-5.465,-2.075,7.285,-11.197000000000001,7.447,-17.913,1.7269999999999999,-1.806,-0.315,1.9069999999999998,-0.5429999999999999,-4.2669999999999995,-3.8960000000000004,0.213,-4.885,0.382,2.6060000000000003,3.8560000000000003,-4.574,-2.9619999999999997,1.5819999999999999,0.6729999999999999,0.531,-0.146,0.409,0.368,-0.512,0.284,-0.016,2.83,3.71,0.0,1.38,0.62,1.33,0.0,1.58,1.14,1.11,0.41,0.02,0.66,0.19,1.94,1.16,1.52,1.0,1.0,0.0,1.0,1.0,0.0,0.0,1.0,1.0,1.0,1.0,0.0,0.0,1.0,1.0,1.0,0.0,1.0
78,2.569,0.98,0.073462,0.22958699999999999,-0.970512,-0.191724,0.20591199999999998,-0.9596049999999999,-0.061,0.222,571.6,577.9,590.5,602.0,605.6,600.1,586.7,575.3,558.3,564.6,573.4,584.1,596.1,605.7,612.2,603.8,593.0,581.5,571.3,563.4,582.8,588.1,593.9,596.8,595.1,589.9,584.1,581.2,719.4,725.2,737.2,748.3,752.0,746.1,734.2,722.1,710.5,718.9,729.5,741.6,752.5,761.2,767.2,760.7,751.7,740.7,729.1,718.4,729.7,734.7,740.2,742.9,741.2,736.1,730.6,728.0,318.5,306.8,302.7,308.5,320.9,333.7,336.8,330.9,320.3,315.3,312.3,311.7,314.7,320.6,328.7,329.6,328.8,327.5,325.9,323.7,325.4,328.1,326.2,320.9,315.2,312.5,314.4,319.7,334.3,323.4,319.9,326.0,338.1,349.1,352.5,347.3,339.2,334.1,330.9,330.4,333.3,338.1,343.8,345.6,345.6,344.7,343.3,342.1,341.4,344.2,342.7,337.6,332.1,329.3,330.9,335.9,-25.3,-23.0,-18.3,-14.1,-12.7,-14.7,-19.7,-23.9,-30.4,-28.0,-24.7,-20.6,-16.2,-12.7,-10.3,-13.4,-17.4,-21.6,-25.4,-28.4,-21.2,-19.2,-17.1,-16.0,-16.6,-18.6,-20.7,-21.8,29.7,31.9,36.4,40.6,42.0,39.7,35.2,30.7,26.4,29.5,33.5,38.0,42.2,45.5,47.9,45.3,41.8,37.6,33.3,29.3,33.6,35.5,37.5,38.6,37.9,36.0,34.0,33.0,-15.3,-19.7,-21.2,-19.0,-14.4,-9.7,-8.6,-10.7,-14.8,-16.6,-17.7,-17.8,-16.7,-14.6,-11.6,-11.2,-11.5,-12.0,-12.6,-13.5,-12.8,-11.8,-12.5,-14.5,-16.6,-17.6,-16.9,-14.9,-9.6,-13.7,-15.0,-12.7,-8.2,-4.1,-2.8,-4.7,-7.8,-9.7,-10.9,-11.1,-10.0,-8.2,-6.1,-5.4,-5.4,-5.7,-6.2,-6.7,-6.9,-5.9,-6.5,-8.4,-10.4,-11.5,-10.9,-9.0,1110.8,1111.4,1111.0,1109.8,1108.5,1108.1,1108.4,1109.6,1115.8,1113.4,1110.4,1108.7,1108.1,1108.2,1108.8,1107.9,1107.4,1107.9,1110.0,1113.1,1110.5,1109.9,1109.7,1110.0,1110.6,1111.1,1111.3,1111.0,1122.9,1124.0,1124.8,1124.7,1123.9,1122.7,1122.0,1122.2,1123.5,1122.6,1122.0,1122.3,1123.8,1126.5,1129.2,1126.0,1123.0,1121.3,1121.1,1122.1,1123.6,1123.5,1123.9,1124.4,1124.8,1124.8,1124.5,1124.0,6.2,25.6,1189.0,0.078,0.095,0.085,496.0,493.8,496.1,502.7,517.0,540.5,566.3,598.8,642.7,688.5,728.5,763.1,788.4,805.4,817.6,827.8,835.4,526.9,548.0,576.5,607.1,634.7,704.5,737.4,767.8,793.6,806.5,666.6,662.4,658.8,655.5,614.1,633.1,652.4,673.9,693.1,555.4,574.1,595.5,613.4,593.2,571.8,708.6,729.9,751.7,768.4,750.6,729.2,576.3,601.9,628.9,647.8,669.1,696.9,720.5,693.5,665.0,642.1,621.6,596.5,586.3,628.1,647.4,668.9,709.2,667.2,645.2,625.5,311.2,362.3,413.3,463.7,510.6,553.8,590.0,618.4,628.8,623.3,598.1,566.0,528.5,488.1,446.6,405.0,364.4,270.0,245.5,234.7,238.6,252.9,260.7,255.6,260.0,274.9,300.0,317.2,349.4,380.8,413.2,432.3,440.6,449.1,444.8,439.2,320.0,312.0,314.6,326.4,329.8,328.0,336.8,329.5,332.6,343.8,347.4,344.8,497.3,483.0,478.6,485.0,482.8,491.9,508.7,532.7,541.7,542.5,538.8,525.9,499.1,495.6,499.0,498.8,509.4,519.1,520.4,516.9,-59.8,-60.8,-59.9,-57.2,-50.9,-40.9,-30.0,-16.6,1.1,19.5,35.9,50.3,60.6,67.3,72.2,76.4,79.8,-45.4,-36.8,-25.2,-13.0,-2.1,25.3,38.4,50.6,61.1,66.5,10.5,8.8,7.3,6.0,-10.2,-2.7,4.9,13.3,20.8,-33.8,-26.2,-17.7,-10.5,-18.6,-27.1,27.2,35.7,44.3,51.1,43.9,35.4,-25.4,-15.0,-4.4,3.1,11.4,22.5,32.1,21.2,9.8,0.8,-7.2,-17.2,-21.4,-4.7,2.9,11.4,27.6,10.7,2.0,-5.7,-20.2,1.0,22.2,43.1,62.3,79.6,93.7,104.1,108.0,106.1,96.7,84.1,68.8,52.2,35.2,18.3,1.8,-36.1,-45.7,-49.7,-47.9,-42.1,-39.0,-41.2,-39.6,-33.9,-24.0,-16.9,-4.1,8.1,20.6,28.5,31.6,34.9,33.2,31.1,-16.0,-19.1,-18.0,-13.3,-12.0,-12.7,-9.2,-12.1,-10.9,-6.4,-5.0,-6.0,54.9,48.6,46.6,49.0,48.2,52.0,59.4,68.3,71.5,71.7,70.3,65.6,55.5,53.4,54.6,54.6,59.5,62.7,63.1,61.8,1244.5,1246.8,1249.0,1248.5,1241.9,1232.4,1221.5,1208.8,1204.9,1208.9,1218.3,1225.2,1224.6,1221.6,1219.4,1221.3,1225.4,1204.3,1198.9,1190.8,1183.2,1178.3,1176.6,1182.3,1187.8,1193.4,1198.7,1180.6,1174.5,1168.3,1162.7,1181.8,1177.6,1173.8,1174.5,1176.8,1197.9,1193.7,1191.9,1190.6,1191.6,1193.3,1190.1,1190.9,1191.1,1194.3,1190.5,1189.9,1199.4,1184.9,1177.8,1176.4,1176.8,1183.7,1198.3,1187.1,1179.9,1178.0,1179.4,1186.0,1197.1,1180.4,1179.0,1179.7,1195.7,1181.4,1179.8,1181.4,2.509,0.105,0.10400000000000001,0.084,655.903,424.483,-33.999,22.916999999999998,-4.445,12.888,2.6860000000000004,-4.521,-1.705,8.074,-11.232000000000001,7.648,-17.734,1.429,-2.02,-1.045,1.913,-1.1640000000000001,-5.0280000000000005,-3.655,0.022000000000000002,-4.052,0.815,2.539,3.525,-4.569,-2.958,1.275,0.469,0.375,-0.255,0.44299999999999995,0.321,-0.484,0.27399999999999997,-0.008,2.86,3.76,0.0,1.17,0.6,1.24,0.0,1.5,1.14,1.22,0.35,0.02,0.71,0.26,1.83,1.09,1.49,1.0,1.0,0.0,1.0,1.0,0.0,0.0,1.0,1.0,1.0,1.0,0.0,0.0,1.0,1.0,1.0,0.0,1.0
79,2.603,0.98,0.07106599999999999,0.23061199999999998,-0.970447,-0.189633,0.203943,-0.960441,-0.061,0.221,571.5,577.9,590.5,601.9,605.5,600.1,586.6,575.1,558.6,564.8,573.4,584.1,596.1,605.7,612.2,603.7,592.8,581.2,571.2,563.4,582.8,588.0,593.9,596.8,595.1,589.9,584.1,581.1,719.2,725.1,737.1,748.2,751.9,746.1,734.1,722.0,710.7,718.9,729.3,741.3,752.1,760.9,767.1,760.4,751.3,740.4,729.0,718.4,729.7,734.7,740.2,742.8,741.1,736.1,730.6,728.0,317.0,305.2,301.1,306.9,319.3,332.1,335.2,329.4,318.6,313.5,310.5,310.0,313.1,318.9,327.0,327.9,327.1,325.8,324.2,321.9,323.9,326.6,324.6,319.2,313.5,310.8,312.7,318.1,332.9,322.0,318.5,324.6,336.6,347.5,350.9,345.8,337.9,332.6,329.4,329.0,331.8,336.5,342.2,344.0,344.0,343.1,341.9,340.7,340.0,342.7,341.1,336.2,330.8,328.0,329.6,334.5,-25.3,-23.0,-18.3,-14.1,-12.7,-14.7,-19.7,-24.0,-30.3,-27.9,-24.6,-20.6,-16.2,-12.7,-10.3,-13.4,-17.4,-21.7,-25.5,-28.4,-21.2,-19.2,-17.1,-16.0,-16.6,-18.6,-20.7,-21.8,29.9,32.1,36.7,40.9,42.3,40.0,35.5,30.9,26.7,29.7,33.7,38.2,42.3,45.7,48.2,45.5,42.0,37.8,33.5,29.6,33.8,35.7,37.8,38.8,38.2,36.3,34.2,33.2,-15.9,-20.3,-21.8,-19.6,-15.0,-10.3,-9.2,-11.3,-15.4,-17.3,-18.3,-18.5,-17.3,-15.2,-12.2,-11.8,-12.1,-12.6,-13.3,-14.1,-13.4,-12.4,-13.1,-15.1,-17.2,-18.2,-17.5,-15.5,-10.2,-14.4,-15.7,-13.4,-8.8,-4.7,-3.4,-5.4,-8.4,-10.3,-11.5,-11.7,-10.6,-8.9,-6.7,-6.1,-6.0,-6.4,-6.8,-7.3,-7.6,-6.5,-7.1,-9.0,-11.0,-12.1,-11.5,-9.6,1110.2,1110.8,1110.3,1109.0,1107.7,1107.4,1107.7,1109.0,1115.4,1112.9,1109.9,1108.2,1107.5,1107.5,1108.0,1107.2,1106.8,1107.4,1109.6,1112.7,1109.8,1109.2,1109.0,1109.3,1109.8,1110.4,1110.7,1110.4,1131.8,1133.0,1133.8,1133.5,1132.5,1131.2,1130.4,1130.9,1132.2,1131.3,1130.7,1130.9,1132.3,1134.8,1137.3,1134.2,1131.3,1129.7,1129.6,1130.7,1132.3,1132.2,1132.5,1133.1,1133.6,1133.7,1133.4,1132.8,6.2,24.9,1189.8,0.07400000000000001,0.095,0.085,495.9,493.5,495.6,502.2,516.7,540.4,566.4,598.9,642.6,688.2,728.3,763.0,788.5,805.7,818.1,828.2,835.8,527.1,548.2,576.7,607.3,634.7,704.7,737.7,768.1,793.7,806.3,666.5,662.2,658.7,655.4,614.2,633.1,652.3,673.6,692.6,555.5,574.2,595.5,613.3,593.1,571.9,708.6,729.8,751.5,768.1,750.4,729.0,576.9,602.5,629.1,647.8,669.0,696.4,719.8,693.2,665.0,642.4,622.1,597.3,586.9,628.4,647.4,668.8,708.6,667.2,645.3,625.9,310.7,361.5,412.2,462.4,509.0,552.0,588.0,616.4,626.7,621.2,596.1,564.3,527.0,486.8,445.3,404.0,363.6,268.1,243.7,232.8,236.7,250.9,258.7,253.8,258.5,273.7,298.9,315.6,347.6,378.8,411.0,430.7,438.7,447.1,442.9,437.5,318.3,310.2,312.8,324.6,328.2,326.3,335.2,327.9,331.1,342.3,345.9,343.3,495.6,481.6,477.2,483.5,481.3,490.2,506.7,530.0,538.8,539.6,535.9,523.4,497.4,494.1,497.4,497.2,507.4,516.4,517.7,514.3,-59.9,-60.9,-60.2,-57.4,-51.1,-41.0,-30.0,-16.6,1.1,19.4,35.9,50.3,60.7,67.5,72.4,76.7,80.0,-45.4,-36.7,-25.1,-12.9,-2.1,25.4,38.5,50.8,61.2,66.5,10.4,8.7,7.3,6.0,-10.2,-2.7,4.8,13.2,20.7,-33.8,-26.2,-17.7,-10.6,-18.6,-27.1,27.2,35.7,44.3,51.1,43.8,35.4,-25.2,-14.8,-4.3,3.1,11.4,22.3,31.9,21.1,9.9,0.9,-7.0,-16.9,-21.2,-4.6,2.9,11.3,27.3,10.7,2.1,-5.6,-20.5,0.6,21.7,42.6,61.7,78.9,92.9,103.3,107.2,105.3,95.9,83.5,68.2,51.7,34.7,17.9,1.5,-36.9,-46.5,-50.5,-48.7,-42.9,-39.8,-41.9,-40.2,-34.4,-24.5,-17.5,-4.9,7.3,19.8,27.9,30.9,34.1,32.5,30.4,-16.6,-19.8,-18.8,-14.1,-12.7,-13.4,-9.8,-12.7,-11.5,-7.0,-5.6,-6.6,54.2,48.1,46.0,48.4,47.6,51.4,58.6,67.3,70.4,70.5,69.2,64.6,54.9,52.8,54.0,54.0,58.8,61.6,62.1,60.8,1245.8,1248.1,1250.2,1249.6,1242.7,1232.9,1221.8,1209.2,1205.4,1209.5,1218.9,1225.9,1225.4,1222.6,1220.5,1222.5,1226.5,1205.5,1200.2,1192.0,1184.5,1179.6,1177.7,1183.3,1189.0,1194.4,1199.8,1181.8,1175.5,1169.3,1163.5,1182.6,1178.4,1174.7,1175.4,1177.7,1199.0,1194.9,1192.9,1191.8,1192.8,1194.4,1191.2,1191.9,1192.1,1195.4,1191.5,1190.9,1199.7,1185.5,1178.7,1177.3,1177.6,1184.5,1199.0,1187.8,1180.6,1178.7,1180.0,1186.4,1197.5,1181.2,1179.8,1180.6,1196.3,1182.1,1180.5,1182.0,2.5069999999999997,0.1,0.10300000000000001,0.085,655.909,422.718,-33.080999999999996,22.855,-5.468999999999999,12.42,3.167,-4.168,-1.37,8.081,-11.202,7.707999999999999,-17.765,1.137,-2.003,-1.659,2.191,-1.541,-5.537999999999999,-3.8960000000000004,0.268,-4.1080000000000005,0.838,2.525,3.366,-4.457,-2.9339999999999997,1.12,0.583,0.415,-0.293,0.503,0.29,-0.504,0.342,-0.006999999999999999,2.81,3.78,0.0,1.04,0.61,1.14,0.0,1.38,1.14,1.28,0.24,0.0,0.65,0.3,1.72,1.08,1.46,1.0,1.0,0.0,1.0,1.0,0.0,0.0,1.0,1.0,1.0,1.0,0.0,0.0,1.0,1.0,1.0,0.0,0.0
80,2.636,0.98,0.072591,0.22919699999999998,-0.97067,-0.189703,0.198695,-0.961526,-0.061,0.218,571.8,578.2,591.0,602.6,606.2,600.6,587.0,575.4,558.7,565.3,574.1,584.7,596.4,606.0,612.4,604.0,593.4,582.0,571.8,563.9,582.9,588.3,594.3,597.4,595.7,590.3,584.3,581.3,719.6,725.5,737.7,748.9,752.6,746.7,734.6,722.4,711.3,719.5,729.9,741.9,752.6,761.5,767.8,761.0,751.9,740.9,729.6,719.1,730.2,735.3,740.8,743.5,741.7,736.6,731.1,728.4,316.4,304.8,300.6,306.5,318.8,331.5,334.5,328.7,318.2,313.2,310.0,309.5,312.5,318.4,326.8,327.6,326.7,325.4,323.7,321.5,323.5,326.2,324.3,318.9,313.1,310.3,312.2,317.7,332.4,321.6,318.2,324.2,336.2,347.0,350.4,345.3,337.8,332.4,329.2,328.8,331.6,336.4,342.1,343.6,343.5,342.6,341.4,340.4,339.6,342.4,340.8,335.9,330.5,327.7,329.3,334.2,-25.3,-22.9,-18.2,-13.9,-12.5,-14.6,-19.6,-23.9,-30.3,-27.8,-24.4,-20.5,-16.1,-12.6,-10.2,-13.3,-17.3,-21.5,-25.3,-28.3,-21.2,-19.2,-16.9,-15.8,-16.4,-18.5,-20.7,-21.8,30.0,32.3,36.9,41.1,42.5,40.2,35.6,31.0,26.9,29.9,33.9,38.4,42.5,45.9,48.4,45.7,42.1,38.0,33.7,29.8,34.0,35.9,38.0,39.0,38.4,36.5,34.4,33.4,-16.2,-20.5,-22.0,-19.9,-15.3,-10.6,-9.4,-11.6,-15.6,-17.4,-18.5,-18.7,-17.6,-15.4,-12.3,-12.0,-12.3,-12.8,-13.5,-14.3,-13.6,-12.5,-13.2,-15.3,-17.4,-18.4,-17.7,-15.7,-10.4,-14.5,-15.8,-13.5,-9.0,-4.9,-3.6,-5.5,-8.4,-10.4,-11.6,-11.8,-10.7,-8.9,-6.8,-6.2,-6.2,-6.5,-7.0,-7.4,-7.7,-6.6,-7.2,-9.1,-11.1,-12.2,-11.6,-9.7,1113.5,1114.4,1114.1,1112.8,1111.4,1110.6,1110.8,1112.0,1118.1,1115.9,1113.1,1111.6,1111.1,1111.0,1111.4,1110.6,1110.0,1110.4,1112.5,1115.5,1113.1,1112.5,1112.3,1112.8,1113.5,1114.1,1114.2,1113.8,1130.5,1132.0,1132.7,1132.3,1131.0,1129.6,1128.8,1129.4,1130.8,1130.0,1129.4,1129.5,1130.8,1133.2,1135.6,1132.5,1129.7,1128.1,1128.1,1129.3,1130.9,1130.7,1131.1,1131.7,1132.3,1132.5,1132.1,1131.5,6.4,24.7,1189.8,0.075,0.092,0.087,496.3,493.9,495.8,502.2,516.7,540.4,566.4,598.6,642.2,687.9,728.1,763.2,788.9,806.2,818.5,828.5,836.1,527.7,548.7,577.4,608.1,635.7,705.5,738.4,768.9,794.4,806.8,667.1,662.9,659.3,656.0,614.9,633.7,652.8,674.0,692.9,555.9,574.6,595.9,613.7,593.6,572.3,709.2,730.4,752.0,768.7,750.9,729.6,577.6,603.3,629.9,648.4,669.4,696.6,719.9,693.4,665.4,643.0,622.9,598.1,587.6,629.1,648.0,669.2,708.7,667.6,646.0,626.7,309.4,360.4,411.3,461.5,508.2,550.9,586.6,615.0,625.7,620.5,595.5,563.8,526.6,486.3,444.8,403.5,363.2,267.8,243.3,232.3,236.2,250.4,258.3,253.4,258.2,273.5,298.8,315.2,347.3,378.5,410.7,430.4,438.5,446.9,442.8,437.3,317.8,309.8,312.4,324.2,327.7,325.9,335.0,327.7,330.9,342.2,345.7,343.0,494.7,481.2,477.0,483.3,481.2,490.0,506.0,529.1,537.9,538.7,535.0,522.5,496.6,494.0,497.3,497.1,506.7,515.5,516.8,513.3,-59.6,-60.8,-60.1,-57.4,-51.1,-40.9,-30.0,-16.7,0.9,19.3,35.8,50.4,60.9,67.8,72.7,76.9,80.2,-45.1,-36.5,-24.9,-12.6,-1.7,25.7,38.8,51.1,61.5,66.7,10.7,9.0,7.5,6.2,-9.9,-2.5,5.0,13.3,20.8,-33.6,-26.0,-17.5,-10.4,-18.5,-27.0,27.5,35.9,44.5,51.3,44.1,35.6,-24.9,-14.5,-4.0,3.3,11.5,22.4,31.9,21.1,10.0,1.2,-6.7,-16.6,-20.9,-4.3,3.1,11.5,27.4,10.9,2.3,-5.2,-21.0,0.2,21.4,42.3,61.4,78.5,92.3,102.8,106.8,105.1,95.7,83.3,68.1,51.5,34.5,17.7,1.3,-37.1,-46.7,-50.7,-48.9,-43.1,-39.9,-42.0,-40.4,-34.5,-24.5,-17.7,-5.0,7.2,19.7,27.8,30.8,34.0,32.4,30.4,-16.9,-20.0,-18.9,-14.2,-12.8,-13.6,-9.9,-12.8,-11.5,-7.1,-5.7,-6.7,53.9,47.9,46.0,48.4,47.6,51.3,58.4,67.0,70.0,70.2,68.8,64.3,54.5,52.7,54.0,54.0,58.5,61.3,61.7,60.4,1245.5,1247.9,1250.2,1249.7,1242.8,1233.1,1222.0,1209.5,1205.9,1210.1,1219.5,1226.5,1226.1,1223.2,1221.2,1223.1,1227.0,1205.7,1200.3,1192.2,1184.6,1179.6,1177.9,1183.5,1189.2,1194.7,1200.1,1182.0,1175.6,1169.3,1163.4,1182.5,1178.4,1174.7,1175.4,1177.8,1199.0,1194.8,1192.9,1191.7,1192.8,1194.4,1191.4,1192.1,1192.3,1195.5,1191.7,1191.1,1199.5,1185.4,1178.6,1177.3,1177.7,1184.6,1199.0,1187.9,1180.8,1178.8,1180.0,1186.3,1197.2,1181.2,1179.9,1180.7,1196.2,1182.1,1180.5,1181.9,2.5069999999999997,0.10099999999999999,0.1,0.086,656.365,422.194,-31.955,22.473000000000003,-5.965,12.71,2.9610000000000003,-4.126,-1.455,7.928999999999999,-11.259,7.526,-17.817,1.21,-1.528,-1.7409999999999999,2.2,-1.871,-5.975,-4.148,0.201,-3.9819999999999998,1.111,2.5989999999999998,3.554,-3.9330000000000003,-2.793,1.001,0.306,0.396,-0.312,0.45899999999999996,0.24100000000000002,-0.523,0.38,-0.001,2.81,3.75,0.0,1.12,0.61,1.25,0.0,1.37,1.13,1.22,0.15,0.0,0.72,0.31,1.67,1.14,1.46,1.0,1.0,0.0,1.0,1.0,0.0,0.0,1.0,1.0,1.0,1.0,0.0,0.0,1.0,1.0,1.0,0.0,0.0
81,2.6689999999999996,0.98,0.073378,0.233252,-0.9696440000000001,-0.181043,0.200014,-0.962922,-0.055999999999999994,0.221,572.7,579.0,591.5,603.0,606.6,601.2,587.9,576.4,559.6,565.9,574.6,585.3,597.2,606.7,613.1,604.7,594.1,582.7,572.5,564.7,583.9,589.2,595.0,598.0,596.3,590.9,585.1,582.2,720.4,726.3,738.4,749.7,753.5,747.7,735.6,723.3,712.0,720.2,730.7,742.6,753.2,762.0,768.2,761.7,752.7,741.9,730.4,719.7,731.0,736.1,741.5,744.1,742.4,737.3,731.9,729.3,317.0,305.3,301.1,306.9,319.2,331.9,335.1,329.3,318.7,313.6,310.6,310.1,313.1,319.1,327.4,328.1,327.2,325.9,324.2,322.0,323.9,326.6,324.6,319.2,313.4,310.7,312.7,318.1,332.9,322.1,318.8,324.8,336.7,347.5,350.8,345.7,338.2,332.9,329.8,329.4,332.2,336.9,342.6,344.3,344.1,343.2,342.0,340.9,340.1,342.8,341.3,336.4,331.1,328.4,329.9,334.7,-25.0,-22.7,-18.1,-13.8,-12.4,-14.4,-19.4,-23.6,-30.1,-27.6,-24.3,-20.3,-15.9,-12.4,-10.0,-13.1,-17.0,-21.3,-25.1,-28.1,-20.9,-18.9,-16.7,-15.6,-16.3,-18.3,-20.4,-21.5,30.3,32.5,37.1,41.3,42.7,40.5,35.9,31.3,27.1,30.1,34.1,38.6,42.6,46.0,48.5,45.9,42.4,38.2,33.9,30.0,34.3,36.2,38.2,39.2,38.6,36.7,34.6,33.6,-16.0,-20.4,-21.9,-19.7,-15.1,-10.4,-9.3,-11.4,-15.5,-17.3,-18.4,-18.6,-17.4,-15.2,-12.1,-11.8,-12.2,-12.7,-13.3,-14.2,-13.4,-12.4,-13.1,-15.2,-17.3,-18.3,-17.6,-15.6,-10.2,-14.3,-15.6,-13.3,-8.8,-4.7,-3.4,-5.4,-8.2,-10.2,-11.4,-11.5,-10.5,-8.7,-6.6,-5.9,-6.0,-6.3,-6.8,-7.2,-7.5,-6.5,-7.0,-8.9,-10.9,-11.9,-11.3,-9.5,1116.4,1117.0,1116.6,1115.4,1114.2,1113.8,1114.0,1115.2,1121.4,1119.0,1116.0,1114.3,1113.8,1113.8,1114.4,1113.6,1113.2,1113.6,1115.7,1118.7,1116.1,1115.5,1115.3,1115.6,1116.2,1116.7,1116.9,1116.7,1128.7,1130.3,1131.2,1130.9,1129.5,1127.9,1127.0,1127.5,1128.9,1128.2,1127.8,1128.1,1129.4,1131.8,1134.1,1131.0,1128.1,1126.4,1126.4,1127.4,1129.1,1129.0,1129.4,1130.1,1130.7,1130.8,1130.4,1129.7,6.6,25.0,1189.3,0.08,0.087,0.08800000000000001,496.6,494.1,495.9,502.4,516.9,540.5,566.4,598.6,642.3,688.0,728.2,763.2,789.0,806.3,818.6,828.6,836.2,528.3,549.3,578.1,608.8,636.4,706.6,739.4,769.7,794.9,807.3,667.9,663.7,660.2,656.9,615.8,634.5,653.7,674.8,693.6,556.7,575.3,596.6,614.5,594.3,573.0,709.9,731.1,752.7,769.2,751.6,730.3,578.5,604.5,631.0,649.4,670.2,697.3,720.5,694.1,666.3,644.1,624.2,599.3,588.4,630.2,648.9,669.9,709.4,668.4,647.0,627.9,309.2,360.1,410.9,461.1,508.0,551.1,587.2,616.2,627.1,621.9,596.7,564.6,527.1,486.7,445.3,403.9,363.6,268.1,243.8,232.9,236.9,251.2,259.1,254.2,258.9,274.1,299.1,315.8,348.0,379.4,411.7,431.4,439.6,448.0,443.8,438.3,318.3,310.3,313.0,324.7,328.3,326.4,335.5,328.3,331.5,342.7,346.3,343.6,495.4,482.6,478.6,484.9,482.7,491.2,506.6,529.7,538.5,539.3,535.7,523.2,497.4,495.4,498.7,498.4,507.4,516.2,517.5,514.1,-59.5,-60.6,-60.0,-57.3,-51.0,-40.9,-30.0,-16.7,0.9,19.4,35.8,50.4,60.9,67.8,72.7,76.9,80.2,-44.8,-36.2,-24.6,-12.3,-1.4,26.1,39.2,51.4,61.7,66.9,11.0,9.3,7.9,6.5,-9.5,-2.1,5.3,13.6,21.0,-33.3,-25.7,-17.2,-10.1,-18.1,-26.6,27.8,36.2,44.8,51.5,44.3,35.9,-24.6,-14.0,-3.5,3.7,11.8,22.6,32.2,21.4,10.4,1.6,-6.2,-16.1,-20.6,-3.8,3.5,11.8,27.7,11.2,2.7,-4.8,-21.1,0.0,21.2,42.1,61.3,78.5,92.5,103.3,107.4,105.7,96.2,83.6,68.3,51.6,34.7,17.9,1.5,-36.9,-46.5,-50.4,-48.6,-42.8,-39.6,-41.7,-40.1,-34.2,-24.3,-17.4,-4.7,7.5,20.1,28.1,31.2,34.4,32.8,30.7,-16.6,-19.8,-18.7,-14.0,-12.6,-13.4,-9.7,-12.6,-11.3,-6.9,-5.4,-6.5,54.1,48.4,46.6,49.0,48.2,51.8,58.6,67.2,70.2,70.4,69.1,64.5,54.8,53.3,54.5,54.5,58.8,61.5,62.0,60.7,1244.3,1246.8,1249.2,1248.7,1242.0,1232.3,1221.6,1209.3,1205.8,1210.1,1219.5,1226.4,1225.9,1222.9,1221.0,1222.9,1226.7,1204.6,1199.2,1191.1,1183.6,1178.7,1177.1,1182.8,1188.6,1194.1,1199.6,1181.2,1174.8,1168.5,1162.6,1181.8,1177.7,1174.0,1174.8,1177.3,1198.1,1193.9,1192.0,1191.0,1192.0,1193.6,1190.9,1191.6,1191.8,1195.1,1191.3,1190.7,1198.9,1184.9,1178.2,1177.0,1177.4,1184.3,1198.8,1187.6,1180.5,1178.4,1179.6,1185.8,1196.7,1180.8,1179.6,1180.5,1196.0,1181.8,1180.1,1181.4,2.508,0.106,0.094,0.087,657.01,422.899,-32.146,22.364,-6.131,13.288,2.8369999999999997,-3.5789999999999997,-1.57,7.903,-10.868,7.438,-18.153,1.5219999999999998,-2.0269999999999997,-2.155,2.365,-2.375,-6.2829999999999995,-4.033,0.231,-4.019,1.25,2.552,3.523,-3.79,-2.717,1.0,0.27399999999999997,0.359,-0.382,0.473,0.251,-0.596,0.391,-0.03,2.79,3.74,0.0,1.2,0.64,1.34,0.0,1.28,1.13,1.13,0.08,0.0,0.64,0.3,1.58,1.1,1.46,1.0,1.0,0.0,1.0,1.0,0.0,0.0,1.0,1.0,1.0,1.0,0.0,0.0,1.0,1.0,1.0,0.0,0.0
82,2.7030000000000003,0.98,0.077466,0.236249,-0.9686,-0.178925,0.202574,-0.9627819999999999,-0.052000000000000005,0.223,573.2,579.7,592.4,603.8,607.4,601.7,588.2,576.7,559.8,566.4,575.3,586.0,597.8,607.3,613.7,605.4,594.8,583.4,573.1,565.0,584.3,589.6,595.4,598.4,596.8,591.5,585.7,582.7,720.7,726.6,738.8,750.1,753.9,748.0,735.8,723.5,712.0,720.3,731.0,743.0,753.8,762.6,768.8,762.1,753.0,742.0,730.5,719.9,731.3,736.4,741.9,744.5,742.8,737.7,732.2,729.6,317.4,306.0,302.1,308.0,320.3,332.9,335.7,329.8,319.4,314.5,311.5,311.0,314.0,319.9,328.1,328.9,328.0,326.6,324.9,322.7,324.6,327.3,325.5,320.2,314.5,311.8,313.6,318.9,333.7,322.8,319.4,325.6,337.6,348.5,351.9,346.6,339.2,333.8,330.6,330.2,333.1,338.0,343.7,345.2,344.9,343.9,342.7,341.7,340.9,343.7,342.2,337.3,331.8,329.1,330.6,335.5,-24.9,-22.5,-17.8,-13.5,-12.2,-14.3,-19.3,-23.6,-30.1,-27.5,-24.1,-20.1,-15.7,-12.2,-9.8,-12.9,-16.8,-21.1,-25.0,-28.1,-20.8,-18.8,-16.6,-15.5,-16.1,-18.1,-20.3,-21.4,30.2,32.4,37.0,41.2,42.6,40.3,35.8,31.2,26.9,30.0,34.0,38.5,42.6,46.0,48.4,45.8,42.2,38.1,33.8,29.8,34.2,36.1,38.1,39.1,38.5,36.6,34.6,33.5,-15.9,-20.2,-21.6,-19.4,-14.8,-10.1,-9.0,-11.3,-15.2,-17.0,-18.1,-18.2,-17.1,-14.9,-11.9,-11.6,-11.9,-12.4,-13.1,-13.9,-13.2,-12.2,-12.9,-14.8,-17.0,-18.0,-17.3,-15.4,-9.8,-13.9,-15.2,-12.9,-8.4,-4.3,-3.0,-5.0,-7.8,-9.8,-11.0,-11.1,-10.1,-8.3,-6.1,-5.6,-5.6,-6.0,-6.4,-6.8,-7.1,-6.1,-6.7,-8.5,-10.6,-11.6,-11.0,-9.2,1119.8,1120.6,1120.4,1119.3,1117.9,1117.2,1117.3,1118.4,1124.4,1122.2,1119.5,1118.0,1117.6,1117.6,1118.2,1117.2,1116.6,1116.9,1118.9,1121.8,1119.5,1118.9,1118.9,1119.2,1119.9,1120.4,1120.5,1120.1,1122.0,1123.5,1124.3,1124.1,1122.8,1121.3,1120.5,1120.9,1122.3,1121.5,1121.0,1121.2,1122.6,1125.1,1127.5,1124.3,1121.5,1119.8,1119.8,1120.8,1122.5,1122.3,1122.7,1123.4,1124.0,1124.1,1123.7,1123.0,6.8,25.3,1188.8,0.083,0.081,0.08800000000000001,496.5,494.0,495.8,502.3,516.8,540.4,566.3,598.5,642.2,687.9,728.0,763.1,788.9,806.2,818.6,828.6,836.1,528.6,549.5,578.3,609.2,636.9,707.1,739.8,770.1,795.4,807.7,668.4,664.3,660.9,657.7,616.5,635.3,654.4,675.4,694.1,557.1,575.8,597.1,615.1,594.9,573.6,710.2,731.5,753.1,769.6,751.9,730.7,579.0,605.4,632.1,650.1,670.4,697.4,720.7,694.2,666.6,644.9,625.3,600.3,589.0,631.3,649.6,670.2,709.6,668.7,647.7,629.0,310.7,361.0,411.3,461.2,507.8,551.0,587.4,616.9,628.0,622.7,597.1,564.7,527.2,486.8,445.6,404.7,364.7,268.8,244.6,233.8,237.8,252.2,260.2,255.3,259.9,275.1,300.1,316.7,349.1,380.5,413.0,432.6,440.8,449.2,445.0,439.5,319.1,311.2,313.8,325.4,329.1,327.3,336.2,329.1,332.5,343.6,347.2,344.5,496.1,483.9,480.1,486.3,484.1,492.4,507.2,530.4,539.1,539.9,536.4,524.0,498.1,497.0,500.3,499.9,508.1,516.5,517.8,514.5,-59.5,-60.7,-60.0,-57.3,-51.0,-40.9,-30.0,-16.7,0.9,19.3,35.8,50.3,60.9,67.8,72.7,76.9,80.2,-44.7,-36.2,-24.5,-12.2,-1.2,26.3,39.3,51.5,61.8,67.0,11.2,9.5,8.1,6.9,-9.2,-1.8,5.6,13.8,21.2,-33.1,-25.5,-17.0,-9.9,-17.9,-26.4,27.9,36.3,44.9,51.6,44.4,36.0,-24.4,-13.7,-3.1,4.0,11.9,22.7,32.3,21.4,10.5,1.9,-5.8,-15.7,-20.3,-3.4,3.8,11.9,27.8,11.3,3.0,-4.3,-20.5,0.4,21.3,42.1,61.2,78.4,92.6,103.5,107.7,106.0,96.4,83.7,68.3,51.7,34.9,18.2,1.9,-36.6,-46.1,-50.1,-48.2,-42.3,-39.1,-41.3,-39.6,-33.8,-23.9,-17.0,-4.3,8.0,20.5,28.6,31.7,34.9,33.3,31.2,-16.3,-19.4,-18.4,-13.7,-12.3,-13.0,-9.4,-12.3,-10.9,-6.5,-5.1,-6.2,54.4,48.9,47.2,49.5,48.7,52.2,58.8,67.4,70.5,70.7,69.3,64.8,55.1,53.9,55.1,55.0,59.0,61.6,62.1,60.8,1243.5,1246.1,1248.5,1248.1,1241.4,1232.0,1221.4,1209.3,1206.0,1210.3,1219.9,1226.9,1226.4,1223.4,1221.5,1223.2,1226.9,1203.9,1198.4,1190.2,1182.7,1177.8,1176.3,1182.2,1188.2,1193.9,1199.5,1180.6,1174.1,1167.7,1161.7,1181.1,1177.0,1173.5,1174.4,1176.9,1197.5,1193.3,1191.4,1190.4,1191.4,1192.9,1190.5,1191.3,1191.6,1195.0,1191.1,1190.4,1198.5,1184.4,1177.7,1176.5,1177.0,1184.0,1198.7,1187.3,1180.1,1178.0,1179.0,1185.2,1196.2,1180.4,1179.3,1180.2,1195.8,1181.3,1179.5,1180.8,2.509,0.11,0.08800000000000001,0.08800000000000001,657.3860000000001,423.73800000000006,-30.555,22.143,-6.3229999999999995,13.997,2.883,-3.304,-1.891,7.874,-10.901,7.577999999999999,-17.976,1.4609999999999999,-2.18,-2.79,2.653,-2.966,-6.144,-4.066,0.484,-4.065,1.3980000000000001,2.099,3.772,-3.595,-2.9989999999999997,0.961,0.248,0.381,-0.43,0.418,0.27899999999999997,-0.565,0.41700000000000004,-0.062,2.8,3.73,0.0,1.28,0.61,1.41,0.0,1.26,1.12,1.08,0.03,0.0,0.58,0.3,1.51,1.06,1.52,1.0,1.0,0.0,1.0,1.0,1.0,0.0,1.0,1.0,1.0,1.0,0.0,0.0,1.0,1.0,1.0,0.0,0.0
83,2.736,0.98,0.070758,0.241722,-0.9677620000000001,-0.174377,0.203221,-0.9634799999999999,-0.054000000000000006,0.226,573.3,579.7,592.3,603.7,607.2,601.6,588.2,576.8,559.8,566.3,575.4,586.2,598.0,607.6,614.1,605.8,595.1,583.6,573.2,565.0,584.4,589.6,595.4,598.4,596.8,591.5,585.7,582.7,720.6,726.6,738.8,750.2,754.0,748.1,735.8,723.5,711.6,720.2,731.1,743.1,753.7,762.6,768.9,762.2,753.0,741.9,730.3,719.5,731.3,736.4,741.9,744.5,742.8,737.7,732.2,729.6,318.2,306.7,302.7,308.7,321.0,333.6,336.5,330.6,320.0,315.1,312.1,311.7,314.8,320.8,328.9,329.7,328.7,327.3,325.6,323.4,325.3,328.0,326.2,320.9,315.2,312.4,314.2,319.6,333.9,323.1,319.9,326.1,338.2,349.0,352.2,346.9,339.3,334.2,331.2,330.9,333.8,338.8,344.4,345.6,345.0,343.9,342.7,341.8,341.3,344.1,342.7,337.8,332.4,329.7,331.1,335.9,-24.8,-22.4,-17.8,-13.5,-12.2,-14.2,-19.2,-23.5,-30.0,-27.4,-24.0,-20.0,-15.6,-12.0,-9.6,-12.7,-16.6,-20.9,-24.8,-27.9,-20.7,-18.7,-16.6,-15.5,-16.1,-18.0,-20.2,-21.3,30.0,32.2,36.8,41.1,42.4,40.1,35.6,31.0,26.6,29.8,33.8,38.3,42.3,45.7,48.2,45.5,42.0,37.8,33.5,29.5,33.9,35.8,37.9,38.9,38.3,36.4,34.3,33.3,-15.5,-19.8,-21.3,-19.1,-14.5,-9.8,-8.7,-10.9,-14.9,-16.7,-17.8,-17.9,-16.8,-14.6,-11.5,-11.2,-11.6,-12.1,-12.8,-13.6,-12.9,-11.9,-12.6,-14.5,-16.7,-17.7,-17.0,-15.0,-9.7,-13.7,-14.9,-12.6,-8.1,-4.1,-2.9,-4.9,-7.7,-9.6,-10.7,-10.8,-9.8,-7.9,-5.8,-5.4,-5.6,-6.0,-6.4,-6.8,-6.9,-5.9,-6.4,-8.3,-10.3,-11.3,-10.8,-9.0,1115.2,1115.9,1115.6,1114.5,1113.2,1112.7,1112.8,1113.9,1120.1,1117.7,1114.8,1113.3,1112.8,1112.9,1113.6,1112.6,1112.0,1112.3,1114.3,1117.3,1114.9,1114.4,1114.2,1114.6,1115.2,1115.7,1115.8,1115.5,1115.2,1116.9,1117.8,1117.5,1116.1,1114.4,1113.5,1113.9,1115.5,1114.7,1114.2,1114.5,1115.9,1118.4,1120.9,1117.6,1114.6,1113.0,1112.9,1114.0,1115.6,1115.5,1115.9,1116.7,1117.3,1117.4,1117.0,1116.2,6.8,25.5,1187.3,0.085,0.078,0.09,496.8,494.1,495.8,502.2,516.6,539.9,565.7,598.0,641.9,687.8,728.0,763.1,788.9,806.1,818.5,828.4,835.8,528.9,549.9,578.7,609.5,637.1,707.3,740.2,770.5,795.7,807.9,668.4,664.3,661.0,657.8,616.7,635.4,654.4,675.3,694.0,557.3,576.0,597.2,615.4,595.2,573.8,710.1,731.5,753.0,769.6,751.9,730.6,579.0,605.4,632.0,650.0,670.5,697.4,720.6,694.1,666.6,644.8,625.3,600.4,589.0,631.2,649.6,670.2,709.6,668.7,647.7,628.9,311.1,361.1,411.1,460.8,507.4,550.7,587.4,617.4,629.0,623.8,598.1,565.5,527.8,487.4,446.2,405.2,365.2,269.2,245.4,234.7,238.8,253.1,260.8,255.8,260.5,275.9,300.9,317.3,349.7,381.3,413.8,433.4,441.6,450.0,445.9,440.4,319.7,311.9,314.5,326.0,329.6,327.9,336.6,329.7,333.0,344.0,347.6,344.9,496.6,484.8,481.2,487.4,485.2,493.3,507.7,530.9,539.7,540.6,537.0,524.5,498.7,497.9,501.2,500.8,508.7,517.1,518.5,515.1,-59.3,-60.5,-59.9,-57.2,-51.0,-41.1,-30.2,-16.9,0.8,19.3,35.8,50.3,60.8,67.7,72.6,76.8,80.0,-44.5,-35.9,-24.3,-12.0,-1.1,26.3,39.4,51.6,61.9,67.1,11.2,9.5,8.1,6.9,-9.2,-1.8,5.6,13.8,21.1,-33.0,-25.4,-17.0,-9.8,-17.8,-26.3,27.8,36.3,44.9,51.6,44.4,35.9,-24.3,-13.7,-3.1,3.9,11.9,22.6,32.2,21.4,10.5,1.9,-5.8,-15.6,-20.3,-3.5,3.8,11.9,27.7,11.3,3.0,-4.4,-20.2,0.5,21.3,41.9,60.9,78.2,92.5,103.7,108.0,106.3,96.7,84.0,68.5,51.9,35.1,18.4,2.1,-36.4,-45.7,-49.6,-47.7,-41.9,-38.8,-41.0,-39.4,-33.4,-23.6,-16.8,-4.0,8.3,20.8,28.9,32.0,35.2,33.6,31.5,-16.1,-19.1,-18.1,-13.5,-12.1,-12.7,-9.3,-12.0,-10.7,-6.4,-4.9,-6.0,54.5,49.2,47.5,49.9,49.0,52.5,59.0,67.6,70.6,70.8,69.5,64.9,55.2,54.2,55.4,55.3,59.2,61.8,62.2,60.9,1242.0,1244.5,1246.9,1246.6,1240.1,1230.7,1220.1,1208.0,1204.7,1209.2,1219.0,1226.0,1225.6,1222.6,1220.7,1222.4,1226.1,1202.6,1196.9,1188.7,1181.1,1176.1,1174.6,1180.5,1186.8,1192.7,1198.6,1179.0,1172.4,1165.9,1159.8,1179.4,1175.4,1171.9,1172.8,1175.4,1196.2,1192.0,1190.0,1189.1,1190.0,1191.6,1189.2,1190.0,1190.3,1193.8,1189.8,1189.1,1196.9,1182.8,1176.1,1175.0,1175.5,1182.5,1197.2,1185.7,1178.5,1176.4,1177.5,1183.6,1194.6,1178.9,1177.8,1178.8,1194.3,1179.7,1177.9,1179.2,2.512,0.11199999999999999,0.085,0.08900000000000001,657.4019999999999,424.36,-28.936999999999998,21.698,-6.18,14.917,2.415,-3.139,-2.135,7.872999999999999,-10.765,7.776,-17.893,1.067,-2.421,-3.0239999999999996,2.9339999999999997,-2.946,-6.227,-3.835,0.266,-4.43,1.4469999999999998,2.347,3.883,-3.3289999999999997,-3.025,1.002,0.355,0.294,-0.299,0.469,0.261,-0.527,0.498,-0.121,2.65,3.69,0.0,1.31,0.6,1.31,0.0,1.19,1.12,0.99,0.0,0.03,0.43,0.32,1.44,1.03,1.57,1.0,1.0,0.0,1.0,1.0,1.0,0.0,1.0,1.0,1.0,1.0,0.0,0.0,1.0,1.0,1.0,0.0,0.0
84,2.7689999999999997,0.98,0.076592,0.24302800000000002,-0.9669909999999999,-0.175798,0.21495999999999998,-0.96067,-0.051,0.233,573.2,579.5,592.1,603.6,607.2,601.7,588.3,576.8,559.4,565.9,575.0,585.9,597.8,607.4,614.0,605.7,595.0,583.4,572.9,564.7,584.4,589.6,595.4,598.3,596.6,591.4,585.6,582.7,720.7,726.7,738.8,750.0,753.6,747.6,735.4,723.3,711.6,720.1,730.9,743.0,753.7,762.5,768.6,762.0,752.8,741.7,730.1,719.5,731.1,736.1,741.6,744.3,742.7,737.6,732.2,729.5,318.4,306.8,302.8,308.6,321.0,333.6,336.6,330.7,320.3,315.3,312.2,311.7,314.8,320.8,328.9,329.6,328.6,327.2,325.6,323.5,325.3,328.0,326.2,320.9,315.2,312.5,314.3,319.6,334.3,323.4,320.1,326.4,338.5,349.5,352.8,347.4,339.3,334.3,331.3,331.0,333.9,338.7,344.2,345.6,345.3,344.2,342.9,341.8,341.6,344.4,342.9,338.0,332.5,329.7,331.2,336.1,-24.8,-22.4,-17.8,-13.5,-12.1,-14.2,-19.1,-23.4,-30.0,-27.5,-24.1,-20.0,-15.6,-12.0,-9.6,-12.7,-16.6,-20.9,-24.9,-28.0,-20.6,-18.7,-16.5,-15.5,-16.1,-18.0,-20.2,-21.2,30.3,32.6,37.1,41.3,42.6,40.3,35.8,31.2,26.9,30.0,34.1,38.6,42.7,46.1,48.5,45.8,42.3,38.1,33.7,29.8,34.2,36.1,38.1,39.2,38.6,36.7,34.6,33.6,-15.4,-19.7,-21.2,-19.0,-14.4,-9.8,-8.7,-10.8,-14.8,-16.6,-17.7,-17.9,-16.7,-14.5,-11.5,-11.2,-11.6,-12.1,-12.7,-13.6,-12.9,-11.8,-12.5,-14.5,-16.6,-17.6,-16.9,-15.0,-9.6,-13.7,-15.0,-12.6,-8.1,-3.9,-2.7,-4.7,-7.8,-9.6,-10.8,-10.9,-9.8,-8.0,-5.9,-5.4,-5.5,-5.9,-6.4,-6.8,-6.9,-5.8,-6.4,-8.3,-10.3,-11.4,-10.8,-9.0,1111.9,1112.6,1112.3,1111.2,1110.0,1109.5,1109.6,1110.6,1116.9,1114.5,1111.7,1110.1,1109.6,1109.8,1110.4,1109.4,1108.8,1109.2,1111.1,1114.1,1111.6,1111.1,1111.0,1111.3,1111.9,1112.4,1112.5,1112.2,1124.8,1126.1,1126.9,1126.8,1125.8,1124.6,1123.8,1124.1,1125.5,1124.5,1124.0,1124.2,1125.7,1128.4,1131.0,1127.7,1124.8,1123.1,1123.0,1124.0,1125.5,1125.4,1125.8,1126.4,1126.8,1126.9,1126.5,1125.9,6.7,25.6,1187.0,0.085,0.079,0.09,496.7,494.0,495.7,502.1,516.3,539.5,565.3,597.8,641.9,687.8,727.9,762.9,788.7,805.9,818.4,828.4,835.8,528.9,549.8,578.5,609.1,636.7,707.1,740.0,770.4,795.6,807.9,668.2,664.2,660.9,657.7,616.6,635.3,654.3,675.1,693.7,557.1,575.7,597.0,615.1,594.9,573.6,710.0,731.4,752.9,769.4,751.7,730.5,579.0,605.2,631.8,649.7,669.9,696.8,720.0,693.5,666.0,644.4,625.0,600.1,589.0,630.9,649.2,669.6,709.0,668.0,647.3,628.6,312.3,361.7,411.2,460.6,507.0,550.5,587.6,618.0,629.6,624.2,598.3,565.5,527.7,487.3,446.1,405.0,364.9,268.9,245.3,234.8,238.9,253.2,261.0,255.9,260.6,275.9,300.7,317.5,349.9,381.4,414.0,433.4,441.7,450.1,446.0,440.5,319.8,311.9,314.5,325.9,329.7,328.0,336.6,329.8,333.1,344.1,347.8,344.9,496.8,484.9,481.3,487.5,485.3,493.5,508.1,531.6,540.3,541.0,537.5,524.8,498.9,498.1,501.4,501.1,509.0,517.5,518.8,515.4,-59.3,-60.5,-59.9,-57.3,-51.1,-41.2,-30.4,-17.0,0.8,19.3,35.7,50.2,60.7,67.6,72.6,76.7,80.0,-44.5,-36.0,-24.4,-12.1,-1.3,26.3,39.3,51.6,61.8,67.1,11.1,9.4,8.1,6.8,-9.2,-1.9,5.6,13.7,21.0,-33.1,-25.6,-17.1,-9.8,-17.9,-26.4,27.7,36.2,44.8,51.5,44.3,35.9,-24.3,-13.7,-3.2,3.8,11.7,22.4,31.9,21.1,10.2,1.7,-5.9,-15.7,-20.3,-3.6,3.6,11.6,27.4,11.0,2.8,-4.5,-19.8,0.7,21.3,41.8,60.7,78.1,92.5,103.9,108.2,106.5,96.8,84.0,68.5,51.9,35.0,18.3,2.0,-36.5,-45.7,-49.6,-47.6,-41.9,-38.7,-40.9,-39.3,-33.4,-23.7,-16.7,-4.0,8.3,20.9,28.9,32.0,35.2,33.6,31.5,-16.0,-19.1,-18.0,-13.5,-12.0,-12.7,-9.3,-12.0,-10.7,-6.3,-4.9,-6.0,54.6,49.2,47.5,49.9,49.1,52.6,59.1,67.8,70.8,71.0,69.6,65.0,55.3,54.2,55.5,55.4,59.3,61.9,62.3,61.1,1241.4,1244.0,1246.3,1246.1,1239.6,1230.5,1220.0,1207.8,1204.5,1208.9,1218.6,1225.6,1225.3,1222.3,1220.4,1222.0,1225.5,1202.1,1196.4,1188.2,1180.6,1175.7,1174.1,1180.2,1186.4,1192.4,1198.2,1178.5,1172.0,1165.5,1159.4,1179.0,1175.1,1171.6,1172.5,1175.0,1195.9,1191.7,1189.8,1188.8,1189.7,1191.3,1188.8,1189.7,1190.0,1193.5,1189.4,1188.7,1196.6,1182.4,1175.7,1174.6,1175.0,1182.0,1196.8,1185.3,1178.3,1176.2,1177.3,1183.4,1194.2,1178.5,1177.4,1178.3,1193.9,1179.4,1177.7,1178.9,2.512,0.113,0.085,0.08900000000000001,657.17,424.50300000000004,-29.243000000000002,21.416999999999998,-6.303999999999999,15.300999999999998,2.374,-3.68,-2.23,7.755,-10.645,7.763999999999999,-17.447,0.9359999999999999,-2.565,-3.346,3.214,-3.145,-6.06,-3.648,0.18100000000000002,-4.426,0.971,2.302,3.9530000000000003,-3.4010000000000002,-3.3169999999999997,1.138,0.29,0.245,-0.354,0.436,0.265,-0.518,0.488,-0.091,2.61,3.64,0.0,1.43,0.57,1.44,0.0,1.12,1.09,0.96,0.0,0.03,0.39,0.37,1.46,1.04,1.6,1.0,1.0,0.0,1.0,1.0,1.0,0.0,1.0,1.0,1.0,1.0,0.0,0.0,1.0,1.0,1.0,0.0,0.0
85,2.803,0.98,0.079358,0.24334499999999998,-0.9666879999999999,-0.186774,0.220295,-0.957385,-0.055999999999999994,0.23600000000000002,573.1,579.4,591.9,603.4,607.1,601.7,588.3,576.8,559.6,565.9,574.7,585.5,597.5,607.2,613.8,605.3,594.5,582.9,572.6,564.6,584.5,589.7,595.3,598.2,596.5,591.3,585.7,582.8,720.5,726.6,738.5,749.2,752.5,746.4,734.5,722.8,711.1,719.8,730.6,742.9,753.9,762.6,768.2,761.6,752.4,741.3,729.6,718.9,730.5,735.4,740.8,743.5,742.0,737.2,731.8,729.0,317.8,306.0,301.7,307.5,319.8,332.6,335.9,330.1,319.4,314.2,311.0,310.5,313.6,319.7,328.0,328.7,327.7,326.3,324.7,322.6,324.5,327.1,325.2,319.9,314.3,311.7,313.6,318.9,333.7,322.8,319.5,325.8,337.9,348.8,352.1,346.6,337.6,333.2,330.4,330.2,333.2,337.8,343.2,344.8,344.6,343.3,341.7,340.4,340.6,343.4,341.9,337.0,331.5,328.6,330.1,335.1,-24.7,-22.4,-17.7,-13.5,-12.1,-14.1,-19.0,-23.3,-29.8,-27.4,-24.0,-20.0,-15.6,-12.1,-9.6,-12.7,-16.7,-21.0,-24.8,-27.8,-20.5,-18.5,-16.4,-15.4,-16.0,-17.9,-20.0,-21.1,30.3,32.6,37.1,41.2,42.4,40.1,35.6,31.2,26.8,30.0,34.1,38.7,42.9,46.3,48.6,45.9,42.3,38.1,33.7,29.7,34.1,35.9,38.0,39.0,38.5,36.6,34.6,33.6,-15.6,-19.9,-21.5,-19.3,-14.8,-10.1,-8.9,-11.0,-15.0,-16.9,-18.0,-18.2,-17.0,-14.8,-11.8,-11.5,-11.9,-12.4,-13.0,-13.8,-13.1,-12.1,-12.8,-14.8,-16.8,-17.8,-17.1,-15.1,-9.9,-14.0,-15.3,-12.9,-8.3,-4.2,-3.0,-5.0,-8.4,-10.1,-11.1,-11.2,-10.1,-8.4,-6.4,-5.8,-5.8,-6.3,-6.9,-7.4,-7.3,-6.2,-6.8,-8.7,-10.8,-11.8,-11.3,-9.4,1105.4,1106.0,1105.5,1104.3,1103.0,1102.6,1102.9,1104.1,1110.6,1108.2,1105.1,1103.4,1102.7,1102.7,1103.3,1102.5,1102.0,1102.6,1104.7,1107.8,1105.0,1104.4,1104.2,1104.5,1105.1,1105.6,1105.8,1105.6,1129.8,1130.4,1130.9,1131.0,1130.7,1130.2,1129.7,1129.8,1131.0,1129.7,1128.9,1129.0,1130.8,1133.8,1136.9,1133.5,1130.5,1128.8,1128.6,1129.6,1130.8,1130.9,1131.1,1131.4,1131.5,1131.4,1131.2,1130.9,6.6,25.3,1187.2,0.077,0.079,0.091,496.7,494.0,495.8,502.2,516.6,539.9,565.5,597.8,641.5,687.1,727.0,761.8,787.7,804.9,817.4,827.4,834.9,528.7,549.7,578.5,609.3,636.8,706.5,739.5,770.0,795.5,807.8,667.8,663.8,660.4,657.1,616.3,634.8,653.7,674.6,693.2,556.8,575.4,596.8,615.0,594.7,573.3,709.6,731.0,752.6,769.1,751.4,730.1,579.0,605.1,631.7,649.4,669.4,696.3,719.6,693.0,665.5,644.1,624.8,600.0,589.0,630.8,648.9,669.1,708.5,667.5,646.9,628.5,310.9,360.8,410.9,460.7,507.4,550.7,587.5,617.7,629.3,624.3,598.9,566.5,528.9,488.4,446.8,405.3,364.8,268.4,244.5,234.1,238.3,252.8,260.5,255.3,259.9,275.3,300.5,316.4,348.8,380.3,412.9,432.5,440.7,449.0,444.9,439.5,318.8,310.9,313.5,324.9,328.7,327.0,335.7,328.8,332.2,343.2,346.8,343.9,496.0,484.0,480.2,486.4,484.2,492.6,507.5,531.0,539.7,540.4,536.8,524.2,498.1,497.1,500.4,500.1,508.3,516.7,517.9,514.5,-59.3,-60.6,-59.9,-57.2,-51.0,-41.1,-30.3,-17.0,0.6,19.0,35.3,49.8,60.3,67.2,72.2,76.3,79.6,-44.6,-36.1,-24.4,-12.1,-1.2,26.0,39.2,51.5,61.8,67.1,10.9,9.3,7.9,6.6,-9.3,-2.0,5.4,13.5,20.9,-33.2,-25.7,-17.1,-9.9,-18.0,-26.5,27.6,36.1,44.7,51.4,44.2,35.7,-24.3,-13.8,-3.3,3.7,11.5,22.2,31.7,20.9,10.0,1.6,-6.0,-15.8,-20.3,-3.6,3.5,11.4,27.2,10.8,2.7,-4.5,-20.3,0.3,21.2,41.9,60.9,78.2,92.5,103.7,108.1,106.5,97.1,84.4,69.0,52.3,35.3,18.5,2.0,-36.7,-46.1,-49.9,-47.9,-42.0,-39.0,-41.2,-39.6,-33.7,-23.8,-17.1,-4.4,7.9,20.5,28.5,31.6,34.8,33.2,31.1,-16.4,-19.5,-18.5,-13.9,-12.4,-13.1,-9.7,-12.4,-11.0,-6.7,-5.2,-6.4,54.3,48.9,47.1,49.5,48.6,52.2,58.8,67.6,70.6,70.7,69.4,64.7,55.0,53.9,55.1,55.0,59.0,61.6,62.0,60.7,1242.0,1244.5,1246.8,1246.4,1239.8,1230.3,1219.6,1207.5,1204.2,1208.7,1218.6,1225.7,1225.4,1222.4,1220.5,1222.0,1225.5,1202.9,1197.3,1189.1,1181.6,1176.6,1175.0,1180.9,1187.2,1193.1,1198.9,1179.2,1172.5,1165.9,1159.7,1179.2,1175.2,1171.7,1172.7,1175.3,1196.5,1192.5,1190.5,1189.5,1190.4,1192.0,1189.4,1190.3,1190.6,1194.0,1190.0,1189.3,1196.6,1182.4,1175.8,1174.7,1175.1,1182.0,1196.7,1185.2,1178.2,1176.2,1177.2,1183.3,1194.2,1178.6,1177.5,1178.4,1193.9,1179.4,1177.7,1178.9,2.512,0.105,0.086,0.091,656.8380000000001,423.889,-29.462,21.653000000000002,-6.266,16.003,2.002,-3.234,-1.844,8.376,-10.34,6.715,-17.587,0.68,-2.6639999999999997,-3.252,2.9410000000000003,-2.781,-6.23,-3.721,0.268,-4.125,1.107,2.187,4.1339999999999995,-3.033,-3.1439999999999997,1.296,0.271,0.078,-0.21600000000000003,0.429,0.255,-0.5429999999999999,0.527,-0.022000000000000002,2.59,3.64,0.0,1.51,0.64,1.44,0.0,1.1,1.12,0.92,0.02,0.03,0.47,0.44,1.5,0.99,1.6,1.0,1.0,0.0,1.0,1.0,1.0,0.0,1.0,1.0,1.0,1.0,0.0,0.0,1.0,1.0,1.0,0.0,0.0
86,2.8360000000000003,0.98,0.078294,0.242215,-0.967059,-0.186693,0.22068800000000002,-0.95731,-0.055999999999999994,0.23600000000000002,572.8,579.1,591.7,603.3,607.1,601.6,588.1,576.5,559.1,565.7,574.7,585.5,597.4,607.0,613.5,605.1,594.4,583.0,572.6,564.4,583.9,589.3,595.3,598.2,596.5,591.1,585.2,582.2,720.5,726.5,738.4,749.2,752.6,746.5,734.6,722.8,711.3,719.9,730.6,742.8,753.7,762.4,768.1,761.5,752.3,741.2,729.6,718.9,730.6,735.5,740.8,743.5,742.0,737.2,731.8,729.1,316.8,305.1,300.9,306.7,319.0,331.7,334.9,329.1,318.4,313.4,310.3,309.9,312.9,318.9,327.1,327.8,326.8,325.4,323.8,321.6,323.7,326.4,324.5,319.1,313.3,310.6,312.5,318.0,333.0,322.1,318.8,325.1,337.2,348.0,351.4,345.9,337.1,332.5,329.8,329.6,332.6,337.3,342.7,344.2,343.9,342.6,341.1,339.7,339.9,342.7,341.2,336.3,330.9,328.1,329.6,334.5,-24.9,-22.6,-17.9,-13.6,-12.2,-14.2,-19.2,-23.5,-30.1,-27.6,-24.2,-20.1,-15.7,-12.2,-9.8,-12.9,-16.8,-21.1,-25.0,-28.1,-20.8,-18.7,-16.6,-15.5,-16.1,-18.1,-20.3,-21.4,30.5,32.8,37.3,41.4,42.6,40.3,35.8,31.4,27.0,30.2,34.3,38.9,43.1,46.5,48.8,46.1,42.5,38.3,33.9,29.9,34.3,36.2,38.2,39.2,38.7,36.8,34.8,33.8,-16.0,-20.4,-21.9,-19.7,-15.2,-10.4,-9.3,-11.4,-15.5,-17.3,-18.4,-18.5,-17.4,-15.2,-12.2,-11.9,-12.3,-12.8,-13.4,-14.2,-13.4,-12.4,-13.1,-15.2,-17.3,-18.3,-17.6,-15.6,-10.2,-14.3,-15.6,-13.2,-8.7,-4.5,-3.3,-5.3,-8.7,-10.4,-11.4,-11.5,-10.4,-8.6,-6.6,-6.0,-6.1,-6.6,-7.2,-7.7,-7.6,-6.5,-7.1,-9.0,-11.0,-12.1,-11.5,-9.7,1110.9,1111.7,1111.4,1110.3,1109.0,1108.4,1108.5,1109.6,1115.7,1113.4,1110.6,1109.0,1108.6,1108.7,1109.2,1108.3,1107.7,1108.1,1110.0,1113.0,1110.6,1110.1,1110.0,1110.3,1111.0,1111.5,1111.6,1111.2,1135.7,1136.4,1136.9,1136.9,1136.5,1135.9,1135.4,1135.5,1136.9,1135.6,1134.8,1135.0,1136.6,1139.5,1142.4,1139.1,1136.2,1134.5,1134.4,1135.4,1136.6,1136.6,1136.8,1137.1,1137.3,1137.3,1137.1,1136.8,6.5,25.0,1187.1,0.081,0.081,0.092,496.5,493.8,495.5,501.9,516.3,539.7,565.2,597.2,640.6,686.2,726.2,761.4,787.6,805.2,817.7,827.7,835.2,528.6,549.6,578.3,609.0,636.4,706.7,739.5,769.9,795.3,807.7,667.8,663.7,660.3,657.1,616.0,634.6,653.6,674.5,693.3,556.7,575.3,596.6,614.8,594.5,573.2,709.6,731.0,752.5,769.1,751.3,730.1,578.2,604.6,631.4,649.2,669.2,696.4,719.9,692.9,665.1,643.6,624.3,599.3,588.2,630.5,648.6,668.8,708.8,667.2,646.5,628.0,309.4,359.7,410.1,460.1,506.9,550.4,587.1,617.2,628.9,623.9,598.6,566.0,528.2,487.4,445.5,403.8,363.1,267.5,243.8,233.4,237.7,252.0,259.9,254.8,259.5,274.7,299.7,315.7,348.1,379.6,412.2,431.5,439.8,448.2,444.1,438.7,317.9,310.2,312.8,324.1,327.8,326.1,335.0,328.2,331.6,342.6,346.1,343.2,494.8,482.8,479.1,485.3,483.2,491.6,506.5,530.6,539.3,540.0,536.4,523.4,497.0,496.1,499.4,499.1,507.5,516.3,517.4,514.0,-59.4,-60.6,-60.0,-57.4,-51.1,-41.1,-30.4,-17.2,0.3,18.6,35.0,49.6,60.3,67.3,72.2,76.4,79.7,-44.7,-36.1,-24.4,-12.2,-1.4,26.1,39.2,51.4,61.7,67.0,10.9,9.3,7.9,6.6,-9.4,-2.1,5.3,13.5,20.9,-33.2,-25.7,-17.2,-10.0,-18.1,-26.5,27.6,36.1,44.6,51.4,44.1,35.7,-24.7,-14.0,-3.4,3.6,11.4,22.2,31.9,20.9,9.8,1.4,-6.2,-16.1,-20.6,-3.7,3.4,11.3,27.4,10.7,2.6,-4.7,-20.9,-0.1,20.8,41.6,60.7,78.1,92.3,103.5,107.9,106.3,96.9,84.1,68.7,51.9,34.8,17.8,1.2,-37.1,-46.3,-50.2,-48.2,-42.3,-39.2,-41.4,-39.8,-33.9,-24.1,-17.4,-4.7,7.6,20.2,28.1,31.2,34.5,32.9,30.8,-16.8,-19.8,-18.7,-14.2,-12.8,-13.5,-9.9,-12.6,-11.3,-6.9,-5.5,-6.6,53.8,48.4,46.7,49.1,48.2,51.9,58.5,67.4,70.4,70.6,69.2,64.5,54.6,53.5,54.7,54.6,58.7,61.4,61.8,60.5,1241.6,1244.2,1246.5,1246.2,1239.6,1230.2,1219.7,1207.6,1204.4,1208.7,1218.4,1225.5,1225.1,1221.9,1219.9,1221.3,1224.7,1202.4,1196.9,1188.8,1181.4,1176.5,1174.8,1180.8,1186.8,1192.5,1198.1,1178.9,1172.3,1165.8,1159.8,1179.1,1175.1,1171.5,1172.5,1175.1,1196.1,1192.1,1190.1,1189.1,1190.0,1191.6,1189.0,1189.8,1190.1,1193.4,1189.5,1188.8,1197.0,1182.7,1175.8,1174.7,1175.1,1182.1,1196.9,1185.3,1178.1,1176.1,1177.2,1183.6,1194.7,1178.6,1177.5,1178.4,1194.1,1179.4,1177.7,1178.9,2.512,0.10800000000000001,0.08800000000000001,0.091,656.633,423.12,-30.785999999999998,21.593000000000004,-5.452000000000001,15.242,1.722,-3.0660000000000003,-2.001,7.813,-10.535,6.303999999999999,-17.684,1.224,-2.445,-3.417,2.5580000000000003,-2.81,-5.845,-4.034,0.252,-4.152,1.097,2.08,4.242,-3.0789999999999997,-3.1719999999999997,1.2770000000000001,0.295,0.201,-0.25,0.40399999999999997,0.312,-0.545,0.523,-0.003,2.71,3.63,0.0,1.49,0.7,1.53,0.0,1.1,1.15,0.92,0.02,0.0,0.53,0.49,1.54,1.01,1.57,1.0,1.0,0.0,1.0,1.0,1.0,0.0,1.0,1.0,1.0,1.0,0.0,0.0,1.0,1.0,1.0,0.0,0.0
87,2.87,0.98,0.078308,0.246896,-0.965873,-0.17654,0.208614,-0.961932,-0.051,0.23199999999999998,573.1,579.4,592.0,603.4,607.0,601.5,588.1,576.7,559.8,566.0,574.7,585.4,597.3,606.9,613.6,605.1,594.4,582.9,572.7,564.8,584.2,589.5,595.3,598.3,596.6,591.4,585.5,582.6,720.3,726.3,738.3,749.5,753.2,747.3,735.2,723.0,711.1,719.8,730.7,742.7,753.3,762.0,768.0,761.4,752.3,741.3,729.7,719.0,730.7,735.8,741.2,743.9,742.2,737.2,731.7,729.1,316.5,304.7,300.6,306.5,319.0,331.7,334.8,328.9,317.8,312.9,309.9,309.5,312.6,318.7,326.9,327.6,326.6,325.2,323.5,321.1,323.4,326.1,324.3,318.8,313.1,310.3,312.2,317.6,332.8,321.9,318.7,324.9,337.0,347.9,351.2,345.8,337.8,332.9,329.8,329.6,332.6,337.6,343.2,344.5,344.1,342.9,341.5,340.4,340.1,342.9,341.4,336.5,331.1,328.3,329.8,334.7,-24.8,-22.4,-17.8,-13.5,-12.2,-14.2,-19.2,-23.4,-29.8,-27.4,-24.1,-20.2,-15.8,-12.2,-9.8,-12.9,-16.8,-21.1,-24.9,-27.9,-20.6,-18.7,-16.5,-15.4,-16.0,-18.0,-20.2,-21.3,30.0,32.3,36.8,41.0,42.3,40.1,35.5,31.0,26.6,29.8,33.8,38.3,42.4,45.7,48.1,45.5,42.0,37.8,33.5,29.5,33.9,35.8,37.8,38.9,38.3,36.4,34.3,33.3,-16.1,-20.5,-22.0,-19.8,-15.1,-10.4,-9.3,-11.5,-15.7,-17.5,-18.5,-18.7,-17.5,-15.3,-12.2,-12.0,-12.3,-12.9,-13.5,-14.4,-13.5,-12.5,-13.2,-15.2,-17.4,-18.4,-17.7,-15.7,-10.2,-14.2,-15.5,-13.1,-8.6,-4.5,-3.3,-5.3,-8.3,-10.1,-11.3,-11.3,-10.2,-8.4,-6.3,-5.8,-5.9,-6.4,-6.9,-7.3,-7.4,-6.4,-6.9,-8.8,-10.8,-11.9,-11.3,-9.5,1110.4,1110.9,1110.4,1109.2,1108.1,1107.8,1108.1,1109.3,1115.7,1113.2,1110.1,1108.3,1107.7,1107.8,1108.4,1107.6,1107.2,1107.7,1109.9,1113.0,1110.1,1109.6,1109.3,1109.5,1110.1,1110.6,1110.9,1110.7,1120.9,1122.3,1123.2,1123.1,1122.0,1120.6,1119.7,1119.9,1121.4,1120.4,1120.0,1120.3,1121.8,1124.5,1127.2,1123.8,1120.8,1119.1,1118.9,1119.9,1121.5,1121.4,1121.9,1122.5,1123.0,1123.0,1122.6,1122.0,6.4,25.0,1188.9,0.086,0.08199999999999999,0.095,496.4,493.6,495.2,501.5,515.7,538.9,564.2,596.2,639.8,685.5,725.6,760.7,786.8,804.3,816.9,827.2,834.9,528.5,549.6,578.3,609.0,636.5,707.0,739.9,770.2,795.4,807.7,667.8,663.6,660.1,656.8,615.6,634.2,653.2,674.3,693.1,556.8,575.5,596.8,614.8,594.6,573.3,709.6,730.9,752.5,768.9,751.3,730.1,577.2,603.5,630.5,648.7,669.3,696.7,720.1,693.1,665.0,643.0,623.2,598.1,587.2,629.5,648.1,668.9,709.0,667.2,645.9,627.0,308.3,358.5,408.8,458.7,505.6,549.3,586.4,616.9,628.8,623.9,598.4,565.7,527.9,487.3,445.6,404.1,363.6,267.6,243.7,233.4,237.7,252.1,260.3,255.2,259.9,275.1,300.1,315.8,348.3,379.9,412.5,431.3,439.7,448.3,444.1,438.7,317.6,309.8,312.5,324.0,327.6,325.7,335.3,328.4,331.8,342.8,346.4,343.5,493.9,481.9,478.5,484.9,482.9,491.2,506.2,530.2,539.2,539.9,536.1,522.9,496.1,495.4,498.8,498.6,507.1,516.4,517.6,514.0,-59.5,-60.8,-60.2,-57.6,-51.4,-41.5,-30.9,-17.6,-0.1,18.3,34.8,49.4,60.0,67.0,72.0,76.3,79.7,-44.7,-36.1,-24.5,-12.2,-1.4,26.3,39.4,51.6,61.9,67.0,10.9,9.2,7.8,6.5,-9.6,-2.3,5.2,13.4,20.8,-33.2,-25.7,-17.2,-10.0,-18.0,-26.5,27.6,36.1,44.7,51.3,44.2,35.7,-25.1,-14.4,-3.7,3.4,11.5,22.4,32.0,21.0,9.8,1.2,-6.6,-16.6,-21.0,-4.1,3.2,11.4,27.5,10.7,2.3,-5.1,-21.4,-0.6,20.3,41.0,60.2,77.7,92.2,103.6,108.1,106.5,97.0,84.2,68.6,51.9,34.9,18.0,1.5,-37.1,-46.4,-50.2,-48.2,-42.4,-39.1,-41.3,-39.6,-33.8,-23.9,-17.4,-4.6,7.7,20.3,28.1,31.3,34.5,32.9,30.9,-16.9,-20.0,-18.9,-14.3,-12.9,-13.6,-9.8,-12.6,-11.2,-6.8,-5.4,-6.6,53.5,48.2,46.5,49.0,48.2,51.8,58.4,67.4,70.5,70.6,69.2,64.4,54.3,53.3,54.6,54.5,58.6,61.6,62.0,60.6,1243.2,1245.8,1248.1,1247.8,1241.2,1232.0,1221.7,1209.7,1206.3,1210.6,1220.3,1227.1,1226.5,1223.3,1221.2,1222.7,1226.2,1203.8,1198.2,1190.1,1182.7,1177.8,1176.1,1181.9,1188.0,1193.8,1199.5,1180.4,1174.0,1167.6,1161.7,1181.2,1177.1,1173.5,1174.4,1177.0,1197.6,1193.5,1191.6,1190.6,1191.5,1193.1,1190.5,1191.3,1191.5,1194.8,1190.9,1190.3,1199.1,1184.7,1177.8,1176.7,1177.1,1184.1,1198.8,1187.5,1180.3,1178.3,1179.4,1185.7,1196.8,1180.6,1179.5,1180.3,1196.0,1181.5,1179.8,1181.1,2.508,0.113,0.08900000000000001,0.094,656.331,422.91900000000004,-31.939,21.526,-4.648,14.352,1.943,-3.083,-2.222,7.899,-10.424000000000001,6.452999999999999,-18.105999999999998,0.94,-2.695,-2.735,2.885,-2.8169999999999997,-5.876,-3.62,0.37799999999999995,-4.324,1.08,2.15,4.06,-3.362,-2.927,1.013,0.19399999999999998,0.38,-0.299,0.446,0.24,-0.606,0.483,0.006,2.79,3.65,0.0,1.42,0.76,1.47,0.0,1.14,1.2,0.94,0.03,0.0,0.55,0.44,1.62,1.07,1.54,1.0,1.0,0.0,1.0,1.0,1.0,0.0,1.0,1.0,1.0,1.0,0.0,0.0,1.0,1.0,1.0,0.0,0.0
88,2.903,0.98,0.075654,0.24100100000000002,-0.967572,-0.190436,0.20938800000000002,-0.959109,-0.06,0.23,573.1,579.5,592.1,603.6,607.2,601.6,588.2,576.7,559.7,566.2,575.1,585.8,597.6,607.1,613.5,605.1,594.5,583.1,572.8,564.8,584.3,589.5,595.4,598.4,596.7,591.4,585.6,582.6,720.3,726.3,738.3,749.2,752.7,746.7,734.7,722.8,711.4,719.8,730.4,742.5,753.4,762.1,768.1,761.5,752.3,741.3,729.8,719.1,730.6,735.5,740.9,743.6,742.0,737.1,731.7,729.0,315.4,303.8,299.8,305.6,317.9,330.6,333.6,327.8,316.8,312.0,309.0,308.6,311.8,317.9,326.1,326.8,325.7,324.2,322.4,320.2,322.4,325.1,323.3,317.9,312.2,309.5,311.4,316.7,332.7,321.9,318.7,325.0,337.0,347.8,351.0,345.6,337.9,332.9,329.8,329.4,332.4,337.4,343.1,344.5,344.1,343.0,341.6,340.5,339.9,342.7,341.3,336.4,331.0,328.2,329.6,334.5,-24.8,-22.5,-17.8,-13.5,-12.2,-14.2,-19.2,-23.5,-30.0,-27.5,-24.1,-20.1,-15.7,-12.2,-9.8,-12.9,-16.9,-21.1,-24.9,-28.0,-20.7,-18.7,-16.6,-15.5,-16.1,-18.0,-20.2,-21.3,30.2,32.5,37.1,41.2,42.5,40.2,35.6,31.2,26.9,30.0,34.0,38.6,42.7,46.1,48.5,45.8,42.3,38.1,33.7,29.8,34.1,36.0,38.0,39.0,38.5,36.6,34.6,33.5,-16.5,-20.9,-22.4,-20.2,-15.6,-10.9,-9.8,-12.0,-16.1,-17.9,-19.0,-19.0,-17.8,-15.6,-12.6,-12.3,-12.7,-13.3,-13.9,-14.8,-14.0,-12.9,-13.6,-15.6,-17.7,-18.8,-18.1,-16.1,-10.3,-14.3,-15.6,-13.2,-8.7,-4.6,-3.4,-5.4,-8.3,-10.2,-11.4,-11.5,-10.4,-8.5,-6.4,-5.8,-6.0,-6.4,-6.9,-7.3,-7.6,-6.5,-7.1,-8.9,-10.9,-12.0,-11.4,-9.6,1114.3,1115.0,1114.7,1113.5,1112.2,1111.6,1111.8,1112.9,1119.3,1116.9,1114.0,1112.4,1111.8,1111.8,1112.4,1111.5,1111.0,1111.4,1113.5,1116.5,1113.9,1113.4,1113.2,1113.6,1114.2,1114.7,1114.9,1114.6,1129.4,1130.6,1131.3,1131.1,1130.2,1129.0,1128.3,1128.6,1130.0,1129.1,1128.4,1128.6,1130.2,1132.8,1135.5,1132.2,1129.3,1127.6,1127.5,1128.6,1130.0,1129.9,1130.2,1130.8,1131.2,1131.3,1131.0,1130.4,6.2,24.8,1191.3,0.091,0.087,0.099,496.6,493.6,495.1,501.1,515.2,538.5,563.6,595.2,638.4,683.8,724.2,759.5,785.8,803.7,816.5,826.9,835.0,528.7,550.0,578.7,609.2,636.6,707.7,740.5,770.6,795.7,807.7,668.0,663.7,660.0,656.5,614.9,633.6,652.6,673.9,692.8,556.9,575.7,597.0,614.9,594.6,573.3,709.6,730.9,752.5,769.0,751.3,730.1,575.2,601.8,629.2,647.7,668.9,696.8,720.6,692.9,664.0,641.3,621.1,595.8,585.2,628.1,647.0,668.4,709.4,666.4,644.6,625.2,305.8,356.5,407.2,457.4,504.6,548.5,585.7,616.0,627.8,623.0,597.7,565.2,527.4,486.9,445.3,403.7,363.1,266.9,243.1,232.8,237.1,251.5,260.2,255.3,260.1,275.3,300.3,315.4,347.7,379.3,411.8,430.2,438.7,447.5,443.3,438.0,316.6,308.9,311.7,323.5,326.8,324.7,335.2,328.2,331.6,342.9,346.3,343.4,491.6,479.8,476.7,483.3,481.4,489.9,505.1,529.9,539.1,539.6,535.6,521.6,494.0,493.5,497.2,497.2,506.1,516.3,517.4,513.5,-59.5,-60.9,-60.4,-57.9,-51.7,-41.8,-31.2,-18.1,-0.6,17.7,34.3,48.9,59.7,66.8,71.9,76.3,79.8,-44.7,-36.0,-24.4,-12.2,-1.3,26.6,39.7,51.8,62.0,67.2,11.1,9.3,7.8,6.4,-9.9,-2.5,5.0,13.3,20.8,-33.2,-25.6,-17.1,-10.0,-18.1,-26.6,27.7,36.2,44.8,51.4,44.2,35.8,-26.0,-15.1,-4.3,3.0,11.4,22.5,32.3,21.0,9.5,0.5,-7.4,-17.5,-21.9,-4.7,2.8,11.2,27.7,10.4,1.8,-5.8,-22.5,-1.5,19.7,40.6,59.9,77.5,92.1,103.4,107.9,106.3,96.8,84.0,68.5,51.8,34.7,17.8,1.3,-37.4,-46.8,-50.6,-48.5,-42.7,-39.2,-41.3,-39.6,-33.7,-23.9,-17.6,-4.8,7.5,20.1,27.7,30.9,34.3,32.7,30.7,-17.4,-20.4,-19.2,-14.5,-13.2,-14.1,-9.9,-12.6,-11.3,-6.8,-5.5,-6.6,52.8,47.4,45.9,48.5,47.7,51.4,58.1,67.4,70.6,70.7,69.2,64.0,53.6,52.6,54.1,54.1,58.4,61.7,62.0,60.6,1245.6,1248.1,1250.4,1250.0,1243.4,1234.3,1224.2,1212.2,1208.8,1212.9,1222.3,1228.9,1228.0,1224.6,1222.4,1224.0,1227.7,1205.7,1200.2,1192.2,1184.8,1180.0,1178.2,1183.9,1189.7,1195.4,1201.0,1182.4,1176.2,1170.1,1164.4,1183.8,1179.6,1175.9,1176.7,1179.2,1199.5,1195.4,1193.7,1192.5,1193.5,1195.0,1192.3,1193.1,1193.2,1196.3,1192.6,1192.1,1202.3,1187.7,1180.5,1179.2,1179.6,1186.7,1201.6,1190.2,1182.9,1180.9,1182.2,1188.8,1200.1,1183.2,1182.0,1182.8,1198.9,1184.2,1182.5,1184.0,2.504,0.11599999999999999,0.095,0.098,655.877,422.124,-34.444,21.92,-2.8480000000000003,12.745,2.2569999999999997,-3.0460000000000003,-2.52,7.435,-10.710999999999999,6.261,-18.517,1.337,-2.491,-2.19,2.396,-2.414,-5.502000000000001,-3.444,0.41100000000000003,-4.453,0.917,2.035,4.084,-3.478,-2.741,0.867,0.228,0.569,-0.391,0.424,0.245,-0.57,0.45299999999999996,0.018000000000000002,2.73,3.6,0.0,1.4,0.76,1.41,0.0,1.2,1.28,1.01,0.05,0.0,0.52,0.38,1.74,1.21,1.49,1.0,1.0,0.0,1.0,1.0,1.0,0.0,1.0,1.0,1.0,1.0,0.0,0.0,1.0,1.0,1.0,0.0,0.0
89,2.9360000000000004,0.98,0.078398,0.23309000000000002,-0.96929,-0.184364,0.203878,-0.9614799999999999,-0.055,0.223,573.0,579.5,592.3,603.9,607.4,601.7,588.1,576.5,559.5,566.1,575.1,585.7,597.6,607.1,613.6,605.1,594.3,582.9,572.6,564.6,584.3,589.6,595.4,598.4,596.8,591.5,585.7,582.7,720.0,726.0,738.2,749.6,753.3,747.3,735.1,722.7,710.9,719.6,730.5,742.6,753.2,761.9,768.0,761.5,752.4,741.4,729.9,719.0,730.6,735.6,741.0,743.7,742.0,737.0,731.6,728.9,313.8,302.1,298.1,304.0,316.4,329.1,332.1,326.2,315.3,310.3,307.3,306.9,310.1,316.2,324.6,325.2,324.1,322.5,320.8,318.6,320.8,323.5,321.6,316.4,310.7,308.0,309.9,315.2,331.7,320.8,317.6,324.0,336.3,347.2,350.4,344.9,337.0,331.8,328.7,328.5,331.5,336.6,342.4,343.8,343.4,342.2,340.9,339.7,339.2,342.0,340.6,335.8,330.4,327.5,328.9,333.8,-24.7,-22.3,-17.6,-13.3,-12.0,-14.1,-19.1,-23.4,-29.8,-27.3,-23.9,-20.0,-15.6,-12.1,-9.7,-12.9,-16.8,-21.0,-24.8,-27.9,-20.5,-18.6,-16.4,-15.4,-16.0,-17.9,-20.0,-21.1,29.5,31.8,36.4,40.6,41.9,39.6,35.1,30.5,26.2,29.4,33.4,37.9,41.9,45.2,47.5,45.0,41.5,37.4,33.1,29.1,33.5,35.3,37.4,38.4,37.8,35.9,33.9,32.9,-17.1,-21.4,-22.9,-20.7,-16.1,-11.4,-10.3,-12.5,-16.6,-18.4,-19.4,-19.6,-18.4,-16.1,-13.0,-12.8,-13.2,-13.8,-14.5,-15.3,-14.5,-13.5,-14.1,-16.1,-18.2,-19.2,-18.5,-16.5,-10.4,-14.5,-15.7,-13.3,-8.8,-4.7,-3.5,-5.6,-8.5,-10.4,-11.6,-11.6,-10.5,-8.7,-6.5,-6.0,-6.1,-6.5,-7.0,-7.5,-7.7,-6.6,-7.2,-9.0,-11.0,-12.0,-11.5,-9.7,1106.9,1107.7,1107.5,1106.2,1104.8,1104.1,1104.2,1105.4,1111.7,1109.4,1106.5,1104.9,1104.4,1104.3,1104.8,1104.0,1103.5,1103.9,1106.0,1109.0,1106.5,1105.9,1105.8,1106.2,1106.8,1107.4,1107.5,1107.2,1108.2,1109.8,1110.9,1110.7,1109.5,1107.9,1106.9,1107.1,1108.4,1107.6,1107.3,1107.7,1109.2,1111.9,1114.4,1111.1,1108.1,1106.2,1106.1,1107.0,1108.8,1108.8,1109.3,1110.0,1110.5,1110.6,1110.1,1109.4,6.0,24.3,1190.4,0.086,0.08800000000000001,0.10400000000000001,496.6,493.5,494.7,500.4,514.2,537.3,562.3,593.9,637.1,682.3,722.6,757.8,784.5,802.9,816.1,826.9,835.0,528.6,550.1,578.9,609.6,637.2,707.3,740.1,770.3,795.6,807.8,668.1,663.7,659.9,656.3,614.0,632.9,652.1,673.6,692.8,556.6,575.7,597.0,615.0,594.5,573.2,709.3,730.9,752.6,769.1,751.3,730.0,572.8,599.6,627.6,646.7,668.6,697.1,721.0,692.7,663.0,639.6,618.7,593.0,582.9,626.4,645.9,668.0,709.9,665.7,643.1,623.0,304.4,355.1,405.7,455.8,502.9,547.0,584.6,615.0,626.9,622.4,597.3,565.2,527.8,487.4,445.8,404.2,363.5,266.0,241.9,231.5,235.6,250.1,259.1,254.4,259.6,275.1,300.4,314.0,346.3,377.9,410.5,428.3,436.9,445.9,441.8,436.7,314.9,307.2,310.1,322.2,325.1,323.0,334.3,327.2,330.7,342.2,345.4,342.4,488.9,476.6,473.6,480.4,478.8,487.8,503.9,529.7,539.1,539.5,535.1,520.3,491.5,490.5,494.5,494.6,504.8,516.1,517.0,512.9,-59.5,-60.9,-60.5,-58.1,-52.1,-42.2,-31.7,-18.6,-1.2,17.1,33.6,48.2,59.1,66.4,71.7,76.2,79.8,-44.8,-36.0,-24.3,-12.0,-1.1,26.4,39.5,51.6,62.0,67.2,11.1,9.3,7.7,6.3,-10.2,-2.8,4.8,13.2,20.7,-33.3,-25.6,-17.1,-9.9,-18.1,-26.6,27.5,36.1,44.7,51.4,44.2,35.7,-26.9,-16.0,-4.9,2.6,11.2,22.6,32.4,20.9,9.1,-0.2,-8.4,-18.6,-22.9,-5.4,2.3,11.0,27.9,10.1,1.2,-6.7,-23.1,-2.0,19.0,39.9,59.2,76.9,91.6,102.9,107.4,105.9,96.6,84.0,68.6,52.0,34.9,18.0,1.4,-37.8,-47.2,-51.1,-49.1,-43.2,-39.6,-41.7,-39.8,-33.8,-23.8,-18.1,-5.4,7.0,19.6,26.9,30.2,33.6,32.1,30.1,-18.0,-21.0,-19.8,-15.0,-13.9,-14.7,-10.2,-13.0,-11.6,-7.1,-5.8,-7.0,51.7,46.1,44.7,47.3,46.6,50.5,57.6,67.3,70.6,70.6,69.0,63.5,52.6,51.4,52.9,53.0,57.8,61.6,61.8,60.3,1245.0,1247.2,1249.3,1248.8,1242.3,1233.3,1223.2,1211.0,1207.5,1211.4,1220.8,1227.5,1226.6,1223.6,1221.5,1223.6,1227.5,1205.1,1199.7,1191.7,1184.2,1179.3,1177.7,1183.4,1189.2,1194.8,1200.2,1181.5,1175.3,1169.2,1163.5,1183.0,1178.6,1174.8,1175.6,1178.1,1198.6,1194.6,1192.9,1191.6,1192.5,1194.1,1191.4,1192.2,1192.3,1195.3,1191.7,1191.2,1201.9,1186.9,1179.4,1178.0,1178.3,1185.5,1200.6,1189.4,1181.8,1179.9,1181.3,1188.3,1199.7,1182.1,1180.8,1181.5,1198.1,1183.2,1181.7,1183.2,2.506,0.11199999999999999,0.096,0.10400000000000001,655.255,420.931,-34.721,21.444000000000003,-0.02,12.269,2.249,-3.589,-2.162,7.696000000000001,-10.936,6.784,-18.562,1.495,-2.003,-1.0170000000000001,1.83,-2.151,-4.9430000000000005,-3.01,0.45,-4.523,0.452,2.082,4.077,-3.5639999999999996,-3.031,0.961,0.419,0.605,-0.345,0.363,0.273,-0.561,0.33399999999999996,-0.002,2.75,3.57,0.0,1.4,0.86,1.42,0.0,1.28,1.38,1.11,0.11,0.0,0.6,0.24,1.94,1.16,1.42,1.0,1.0,0.0,1.0,1.0,1.0,0.0,1.0,1.0,1.0,1.0,0.0,0.0,1.0,1.0,1.0,0.0,0.0
90,2.97,0.98,0.07835299999999999,0.227213,-0.9706879999999999,-0.18341500000000002,0.189221,-0.9646520000000001,-0.054000000000000006,0.212,573.1,579.7,592.5,604.0,607.4,601.6,588.0,576.5,559.4,566.1,575.1,585.7,597.4,606.9,613.3,605.0,594.4,583.0,572.6,564.5,584.3,589.5,595.3,598.3,596.8,591.6,585.7,582.7,719.8,725.7,738.1,749.6,753.5,747.6,735.2,722.7,710.8,719.5,730.5,742.5,752.9,761.5,767.6,761.2,752.2,741.4,729.9,719.0,730.6,735.6,741.1,743.7,742.0,736.9,731.4,728.8,311.8,300.3,296.4,302.5,314.8,327.4,330.2,324.2,313.5,308.5,305.4,305.0,308.3,314.5,323.0,323.6,322.4,320.8,319.1,316.8,318.9,321.7,319.9,314.7,309.1,306.3,308.1,313.3,330.6,319.9,316.8,323.2,335.4,346.1,349.2,343.8,336.1,330.7,327.6,327.5,330.6,335.8,341.7,343.2,342.7,341.6,340.2,339.0,338.2,341.1,339.7,334.9,329.6,326.7,328.1,332.9,-24.8,-22.3,-17.6,-13.3,-12.0,-14.2,-19.2,-23.5,-30.0,-27.4,-24.0,-20.1,-15.7,-12.2,-9.9,-12.9,-16.8,-21.1,-24.9,-28.0,-20.6,-18.7,-16.5,-15.4,-16.0,-17.9,-20.1,-21.2,29.4,31.6,36.2,40.4,41.8,39.6,35.0,30.4,26.1,29.3,33.3,37.7,41.6,44.9,47.2,44.7,41.3,37.2,33.0,29.0,33.3,35.2,37.2,38.2,37.6,35.7,33.7,32.7,-17.8,-22.1,-23.5,-21.3,-16.7,-12.0,-11.0,-13.2,-17.3,-19.1,-20.2,-20.3,-19.1,-16.8,-13.7,-13.4,-13.9,-14.5,-15.1,-16.0,-15.2,-14.2,-14.8,-16.8,-18.9,-19.9,-19.2,-17.3,-10.8,-14.8,-16.0,-13.6,-9.1,-5.1,-4.0,-6.0,-8.8,-10.8,-11.9,-12.0,-10.8,-8.9,-6.8,-6.2,-6.4,-6.8,-7.3,-7.7,-8.0,-7.0,-7.5,-9.2,-11.2,-12.3,-11.8,-10.0,1110.7,1111.5,1111.3,1110.2,1108.7,1108.0,1108.0,1109.2,1115.5,1113.3,1110.4,1108.9,1108.4,1108.3,1108.8,1107.9,1107.4,1107.7,1109.8,1112.8,1110.3,1109.8,1109.7,1110.1,1110.7,1111.3,1111.4,1111.0,1104.2,1106.1,1107.3,1107.1,1105.6,1103.7,1102.5,1102.8,1104.0,1103.5,1103.3,1103.7,1105.1,1107.7,1110.1,1106.8,1103.7,1101.9,1101.7,1102.6,1104.7,1104.6,1105.1,1106.0,1106.6,1106.7,1106.2,1105.3,5.7,23.7,1192.2,0.081,0.09300000000000001,0.111,496.6,493.3,494.1,499.3,512.8,535.8,560.8,592.2,635.4,680.7,721.1,756.5,783.3,802.0,815.4,826.3,834.6,529.0,550.9,579.7,610.2,637.4,707.8,740.6,770.7,795.9,808.0,668.3,663.5,659.5,655.7,613.1,632.0,651.2,672.8,692.1,556.5,575.8,597.1,614.8,594.3,573.0,709.1,730.8,752.4,768.9,751.1,729.8,570.3,597.4,626.1,645.3,667.6,696.8,721.2,691.9,661.1,637.3,616.2,590.0,580.2,624.7,644.5,666.8,710.0,664.1,641.1,620.8,303.3,353.8,404.2,454.3,501.4,545.5,583.2,613.7,625.8,621.3,596.5,564.7,527.5,487.6,446.3,405.0,364.6,263.8,240.0,229.6,233.8,248.6,258.0,253.5,259.0,274.8,300.2,312.7,344.9,376.2,408.6,425.9,434.7,443.8,439.9,435.0,313.0,305.2,308.3,320.8,323.4,321.0,333.5,326.3,329.9,341.7,344.6,341.5,485.5,473.0,470.3,477.3,475.9,485.2,502.0,529.0,538.6,538.8,534.2,518.4,488.2,487.0,491.2,491.5,502.9,515.9,516.7,512.3,-59.6,-61.1,-60.8,-58.6,-52.7,-42.9,-32.3,-19.3,-1.9,16.5,33.0,47.7,58.6,66.1,71.4,76.0,79.7,-44.7,-35.7,-24.0,-11.8,-1.0,26.7,39.7,51.9,62.2,67.3,11.2,9.2,7.6,6.1,-10.6,-3.1,4.4,12.9,20.5,-33.4,-25.6,-17.1,-10.0,-18.2,-26.7,27.5,36.1,44.7,51.4,44.2,35.7,-28.0,-16.9,-5.5,2.1,10.8,22.5,32.6,20.6,8.3,-1.1,-9.4,-19.8,-23.9,-6.0,1.8,10.6,28.0,9.5,0.4,-7.6,-23.6,-2.6,18.4,39.3,58.6,76.3,91.1,102.5,107.1,105.6,96.3,83.8,68.5,52.0,35.1,18.4,1.9,-38.7,-48.1,-51.9,-49.9,-43.9,-40.1,-42.1,-40.1,-34.0,-24.0,-18.6,-5.9,6.3,18.9,26.0,29.4,32.9,31.4,29.5,-18.8,-21.9,-20.6,-15.6,-14.6,-15.6,-10.5,-13.4,-12.0,-7.3,-6.1,-7.3,50.4,44.8,43.4,46.1,45.6,49.5,56.9,67.1,70.5,70.4,68.7,62.9,51.4,50.1,51.7,51.9,57.2,61.6,61.8,60.2,1247.3,1249.3,1251.1,1250.4,1243.8,1234.8,1224.7,1212.3,1208.6,1212.2,1221.5,1227.9,1226.9,1223.9,1222.0,1224.5,1228.8,1206.9,1201.7,1193.7,1186.2,1181.3,1179.7,1185.4,1191.0,1196.6,1201.8,1183.2,1177.1,1171.0,1165.4,1184.7,1180.3,1176.4,1177.2,1179.5,1200.4,1196.5,1194.8,1193.4,1194.3,1195.8,1193.1,1193.9,1194.0,1196.9,1193.2,1192.8,1204.5,1189.2,1181.3,1179.7,1180.0,1187.4,1202.7,1191.4,1183.6,1181.8,1183.3,1190.6,1202.4,1183.9,1182.4,1183.1,1200.4,1185.2,1183.7,1185.3,2.502,0.106,0.102,0.111,654.495,419.48400000000004,-37.301,22.116,2.8089999999999997,10.606,2.928,-4.173,-2.343,7.864,-11.077,7.518,-18.468,1.78,-2.281,-0.878,1.742,-1.839,-4.512,-2.645,0.4,-4.189,-0.016,2.255,4.086,-3.5269999999999997,-3.088,1.158,0.595,0.5529999999999999,-0.231,0.369,0.304,-0.516,0.299,-0.036000000000000004,2.64,3.44,0.0,1.37,0.95,1.41,0.0,1.34,1.52,1.15,0.1,0.0,0.59,0.21,2.12,1.1,1.35,1.0,1.0,0.0,1.0,1.0,1.0,0.0,1.0,1.0,1.0,1.0,0.0,0.0,1.0,1.0,1.0,0.0,0.0
91,3.003,0.98,0.065443,0.22418400000000002,-0.972347,-0.183364,0.189092,-0.9646870000000001,-0.061,0.21,572.7,579.5,592.4,603.8,607.0,601.0,587.3,576.0,559.3,566.0,575.1,585.7,597.4,606.9,613.2,604.9,594.3,582.9,572.5,564.4,583.7,589.0,594.9,598.1,596.6,591.3,585.4,582.2,719.5,725.4,737.8,749.4,753.3,747.4,735.0,722.4,710.3,719.1,730.2,742.2,752.7,761.3,767.5,761.0,752.0,741.0,729.5,718.5,730.3,735.4,740.8,743.5,741.7,736.6,731.2,728.6,310.5,299.2,295.5,301.7,314.1,326.6,329.1,322.9,312.4,307.5,304.5,304.2,307.5,313.7,322.2,322.8,321.6,320.0,318.2,315.9,317.9,320.8,319.1,313.9,308.1,305.2,306.9,312.2,330.5,319.7,316.6,323.1,335.3,346.1,349.2,343.7,336.0,330.7,327.6,327.5,330.5,335.7,341.6,343.1,342.7,341.5,340.2,338.9,338.2,341.0,339.6,334.9,329.5,326.6,328.0,332.8,-24.9,-22.4,-17.6,-13.4,-12.2,-14.4,-19.5,-23.7,-30.0,-27.5,-24.0,-20.1,-15.7,-12.2,-9.9,-13.0,-16.9,-21.1,-25.0,-28.0,-20.9,-18.9,-16.7,-15.5,-16.1,-18.0,-20.2,-21.4,29.1,31.3,35.9,40.1,41.5,39.3,34.7,30.1,25.7,28.9,33.0,37.4,41.3,44.5,46.9,44.4,41.0,36.9,32.7,28.7,33.1,34.9,36.9,37.9,37.3,35.4,33.4,32.4,-18.3,-22.5,-23.9,-21.6,-17.0,-12.4,-11.4,-13.7,-17.7,-19.5,-20.6,-20.6,-19.4,-17.1,-14.0,-13.7,-14.2,-14.8,-15.5,-16.4,-15.6,-14.5,-15.1,-17.1,-19.2,-20.3,-19.7,-17.7,-10.8,-14.8,-15.9,-13.6,-9.1,-5.1,-3.9,-5.9,-8.8,-10.7,-11.8,-11.9,-10.8,-8.9,-6.8,-6.2,-6.3,-6.7,-7.2,-7.7,-8.0,-7.0,-7.5,-9.2,-11.2,-12.2,-11.7,-10.0,1111.1,1112.0,1111.7,1110.5,1109.1,1108.3,1108.4,1109.6,1115.8,1113.6,1110.8,1109.3,1108.8,1108.8,1109.3,1108.4,1107.8,1108.1,1110.1,1113.1,1110.7,1110.1,1110.0,1110.4,1111.1,1111.7,1111.8,1111.4,1097.8,1099.7,1101.0,1100.8,1099.3,1097.4,1096.2,1096.5,1097.8,1097.2,1096.9,1097.4,1098.9,1101.4,1103.9,1100.6,1097.5,1095.6,1095.4,1096.4,1098.4,1098.3,1098.9,1099.7,1100.3,1100.4,1099.9,1099.0,5.4,23.4,1191.4,0.084,0.09699999999999999,0.114,496.7,493.0,493.4,498.3,511.7,534.7,559.7,591.0,634.2,679.6,720.3,756.0,783.1,801.9,815.3,826.3,834.7,529.1,551.2,579.9,610.3,637.5,707.9,740.8,771.1,796.3,808.2,668.1,663.2,659.0,655.1,612.2,631.2,650.4,672.1,691.5,556.4,575.8,597.1,614.8,594.2,572.9,708.6,730.5,752.2,768.7,750.8,729.5,568.4,595.7,625.0,644.4,666.9,696.8,721.8,691.6,660.1,635.9,614.5,587.9,578.3,623.5,643.5,666.2,710.6,663.3,639.9,619.4,302.3,352.7,403.1,453.1,500.1,544.4,582.5,613.6,626.0,621.3,595.9,563.7,526.4,486.4,445.2,404.3,364.3,262.4,238.9,228.7,232.9,247.9,257.7,253.3,259.0,275.1,300.6,312.3,344.4,375.7,408.0,424.9,433.7,443.1,439.2,434.3,311.9,304.3,307.6,320.2,322.5,319.9,333.4,326.3,329.9,341.8,344.5,341.4,482.7,470.6,468.3,475.4,474.1,483.5,500.3,528.6,538.7,538.8,534.0,517.3,485.6,485.2,489.6,490.0,501.3,515.6,516.3,511.8,-59.6,-61.2,-61.1,-59.0,-53.1,-43.3,-32.8,-19.8,-2.3,16.0,32.7,47.4,58.4,66.0,71.3,76.0,79.7,-44.6,-35.5,-23.9,-11.7,-1.0,26.7,39.8,52.0,62.3,67.3,11.1,9.1,7.4,5.9,-11.0,-3.5,4.1,12.6,20.2,-33.4,-25.6,-17.1,-10.0,-18.2,-26.7,27.3,36.0,44.6,51.3,44.0,35.5,-28.8,-17.6,-5.9,1.7,10.6,22.5,32.8,20.5,7.9,-1.6,-10.0,-20.7,-24.7,-6.5,1.4,10.3,28.2,9.2,-0.0,-8.2,-24.0,-3.0,17.9,38.8,58.1,75.9,90.8,102.4,107.1,105.6,96.0,83.3,68.0,51.5,34.7,18.1,1.8,-39.2,-48.5,-52.2,-50.2,-44.1,-40.2,-42.1,-40.1,-33.8,-23.8,-18.8,-6.1,6.1,18.6,25.6,29.0,32.6,31.1,29.2,-19.2,-22.2,-20.9,-15.8,-14.9,-16.0,-10.6,-13.4,-12.0,-7.3,-6.1,-7.4,49.3,43.8,42.6,45.4,44.9,48.8,56.2,66.9,70.5,70.4,68.6,62.4,50.3,49.4,51.0,51.2,56.5,61.5,61.6,59.9,1246.7,1248.6,1250.4,1249.6,1243.2,1234.4,1224.6,1212.1,1208.5,1211.9,1220.9,1226.9,1225.6,1222.6,1220.7,1223.4,1227.7,1206.1,1200.9,1192.9,1185.4,1180.5,1178.6,1184.3,1190.0,1195.7,1200.9,1182.3,1176.1,1170.0,1164.5,1183.9,1179.4,1175.5,1176.3,1178.7,1199.7,1195.7,1194.0,1192.5,1193.5,1195.0,1192.2,1192.9,1192.9,1195.8,1192.1,1191.7,1204.5,1188.7,1180.3,1178.7,1179.0,1186.4,1202.1,1190.8,1182.9,1181.1,1182.7,1190.3,1202.5,1183.1,1181.5,1182.2,1199.9,1184.5,1183.0,1184.7,2.504,0.10800000000000001,0.107,0.114,653.9780000000001,418.658,-37.564,22.392,5.194,9.83,2.576,-5.084,-2.9760000000000004,7.205,-11.905999999999999,7.441,-18.317999999999998,1.7280000000000002,-2.3930000000000002,-0.85,1.979,-2.03,-4.442,-2.53,0.784,-4.262,-0.162,2.036,4.077,-3.1719999999999997,-3.1180000000000003,1.33,0.436,0.679,-0.262,0.375,0.256,-0.516,0.309,-0.085,2.6,3.38,0.0,1.2,1.04,1.39,0.0,1.37,1.64,1.21,0.07,0.0,0.68,0.18,2.33,1.07,1.28,1.0,1.0,0.0,1.0,1.0,1.0,0.0,1.0,1.0,1.0,1.0,0.0,0.0,1.0,1.0,1.0,0.0,0.0
92,3.036,0.98,0.067085,0.21684499999999998,-0.9738979999999999,-0.17901199999999998,0.193881,-0.9645540000000001,-0.057999999999999996,0.209,572.4,579.3,592.2,603.7,607.0,600.9,587.2,575.7,558.6,565.7,575.1,585.8,597.4,606.7,612.7,604.6,594.2,582.8,572.4,564.1,583.2,588.6,594.7,598.0,596.5,591.1,585.0,581.7,719.6,725.4,737.7,749.1,753.1,747.2,735.0,722.5,710.0,718.9,730.0,742.1,752.5,761.0,767.0,760.7,751.8,741.0,729.3,718.3,730.2,735.3,740.7,743.3,741.6,736.5,731.1,728.5,310.3,299.2,295.7,302.0,314.2,326.5,328.8,322.5,312.5,307.7,304.7,304.4,307.7,313.8,322.4,323.0,321.8,320.1,318.3,316.0,317.9,320.9,319.3,314.0,308.3,305.3,306.9,312.1,330.9,320.0,317.0,323.5,335.7,346.6,349.7,344.1,336.2,331.1,328.0,327.9,330.9,336.1,342.0,343.4,342.9,341.7,340.3,339.1,338.5,341.4,340.1,335.2,329.8,326.9,328.3,333.1,-25.1,-22.6,-17.8,-13.5,-12.3,-14.5,-19.6,-23.9,-30.4,-27.7,-24.1,-20.1,-15.8,-12.4,-10.1,-13.1,-17.0,-21.2,-25.1,-28.3,-21.1,-19.1,-16.8,-15.6,-16.2,-18.2,-20.5,-21.7,29.1,31.3,35.9,40.1,41.5,39.3,34.7,30.2,25.6,28.9,32.9,37.4,41.3,44.5,46.8,44.3,41.0,36.9,32.7,28.6,33.1,34.9,36.9,37.9,37.3,35.4,33.4,32.4,-18.5,-22.7,-23.9,-21.6,-17.0,-12.4,-11.6,-13.9,-17.7,-19.5,-20.6,-20.6,-19.4,-17.1,-14.0,-13.7,-14.2,-14.8,-15.5,-16.4,-15.6,-14.5,-15.1,-17.1,-19.3,-20.4,-19.8,-17.8,-10.7,-14.7,-15.8,-13.4,-8.9,-4.9,-3.8,-5.8,-8.7,-10.6,-11.7,-11.8,-10.7,-8.8,-6.6,-6.1,-6.3,-6.7,-7.2,-7.7,-7.9,-6.8,-7.3,-9.1,-11.1,-12.1,-11.6,-9.9,1115.6,1116.9,1117.1,1116.0,1114.3,1113.2,1112.9,1114.0,1119.6,1117.8,1115.4,1114.3,1114.0,1114.0,1114.4,1113.3,1112.5,1112.5,1114.3,1117.2,1115.4,1114.8,1114.9,1115.5,1116.3,1116.8,1116.7,1116.1,1098.6,1100.4,1101.7,1101.7,1100.4,1098.6,1097.3,1097.4,1098.6,1098.0,1097.8,1098.3,1100.0,1102.7,1105.3,1101.9,1098.7,1096.8,1096.5,1097.3,1099.3,1099.3,1099.9,1100.7,1101.3,1101.3,1100.7,1099.9,5.4,23.4,1192.2,0.08800000000000001,0.10099999999999999,0.113,496.7,493.0,493.3,498.1,511.5,534.5,559.4,590.5,633.9,679.8,720.8,756.7,783.6,802.2,815.5,826.3,834.6,529.0,551.1,579.8,610.4,637.6,707.3,740.3,770.6,795.9,807.7,667.9,662.9,658.6,654.6,611.6,630.7,650.0,671.9,691.5,556.2,575.6,596.8,614.5,593.9,572.7,708.5,730.4,752.0,768.4,750.5,729.3,567.4,594.9,624.5,644.2,667.3,697.7,723.2,692.6,660.5,635.8,614.1,587.0,577.3,623.1,643.4,666.6,712.0,663.7,639.8,618.9,302.1,352.6,403.1,453.2,500.4,544.6,582.7,614.0,626.5,621.6,595.7,563.0,525.3,485.1,444.2,403.8,364.2,263.0,239.2,228.8,233.1,248.3,258.0,253.5,259.1,275.2,300.7,312.5,344.5,375.7,407.9,424.8,433.7,443.2,439.2,434.2,312.1,304.5,307.9,320.5,322.6,320.0,333.7,326.6,330.2,342.1,344.7,341.6,481.3,469.7,467.9,475.0,473.8,482.7,499.2,528.1,538.8,539.0,534.1,517.0,484.3,484.5,489.0,489.4,500.3,516.1,516.9,512.3,-59.6,-61.2,-61.2,-59.2,-53.3,-43.4,-32.9,-20.0,-2.5,16.1,32.9,47.7,58.7,66.1,71.4,76.0,79.7,-44.7,-35.6,-23.9,-11.7,-1.0,26.4,39.6,51.8,62.2,67.1,11.0,9.0,7.3,5.7,-11.2,-3.7,3.9,12.5,20.2,-33.5,-25.7,-17.2,-10.2,-18.3,-26.8,27.2,36.0,44.5,51.2,43.9,35.5,-29.2,-17.9,-6.1,1.7,10.7,22.8,33.4,20.9,8.1,-1.7,-10.2,-21.1,-25.2,-6.7,1.3,10.5,28.8,9.4,-0.1,-8.3,-24.1,-3.1,18.0,38.9,58.2,76.0,91.0,102.7,107.5,105.8,96.0,83.0,67.5,51.0,34.3,17.9,1.7,-39.0,-48.4,-52.2,-50.2,-44.0,-40.1,-42.1,-40.0,-33.8,-23.8,-18.7,-6.1,6.1,18.6,25.6,29.0,32.6,31.1,29.2,-19.2,-22.1,-20.8,-15.7,-14.9,-16.0,-10.4,-13.3,-11.9,-7.1,-6.1,-7.3,48.8,43.5,42.5,45.2,44.8,48.6,55.8,66.8,70.6,70.5,68.7,62.3,49.9,49.1,50.8,51.0,56.1,61.7,61.9,60.2,1247.5,1249.4,1251.1,1250.4,1244.1,1235.4,1225.9,1213.5,1209.7,1213.0,1221.6,1227.3,1225.7,1222.5,1220.7,1223.7,1228.3,1206.9,1201.6,1193.5,1185.9,1181.1,1179.2,1184.7,1190.4,1196.1,1201.4,1182.9,1176.7,1170.6,1165.1,1184.7,1180.1,1176.1,1176.9,1179.3,1200.2,1196.2,1194.5,1193.1,1194.0,1195.5,1192.7,1193.4,1193.3,1196.1,1192.5,1192.2,1205.7,1189.8,1181.1,1179.5,1179.8,1187.3,1203.1,1192.0,1184.0,1182.2,1183.8,1191.5,1203.9,1183.8,1182.3,1183.0,1201.0,1185.6,1184.1,1185.8,2.502,0.11199999999999999,0.11,0.11199999999999999,653.857,418.566,-38.46,22.764,7.1610000000000005,8.912,2.405,-5.417000000000001,-3.406,6.479,-12.190999999999999,7.96,-18.355999999999998,2.042,-2.69,-0.49,1.94,-2.461,-4.959,-2.4859999999999998,0.9209999999999999,-4.124,0.08900000000000001,2.165,3.9539999999999997,-3.0989999999999998,-2.733,1.218,0.09699999999999999,0.795,-0.292,0.32299999999999995,0.225,-0.56,0.28300000000000003,-0.078,2.43,3.27,0.0,1.04,1.07,1.31,0.0,1.37,1.77,1.27,0.0,0.0,0.68,0.16,2.44,1.15,1.26,1.0,1.0,0.0,1.0,1.0,1.0,0.0,1.0,1.0,1.0,1.0,0.0,0.0,1.0,1.0,1.0,0.0,0.0
93,3.07,0.98,0.071252,0.219873,-0.972923,-0.17813800000000002,0.192526,-0.964987,-0.055,0.21,572.4,579.3,592.2,603.6,606.8,600.8,587.1,575.7,558.5,565.5,574.8,585.6,597.3,606.7,612.8,604.5,594.0,582.5,572.1,563.8,583.3,588.6,594.6,597.8,596.4,591.1,585.0,581.8,719.4,725.3,737.5,748.9,752.7,746.8,734.6,722.2,710.0,718.6,729.5,741.6,752.1,760.6,766.6,760.3,751.5,740.7,729.1,718.2,730.0,735.0,740.4,743.0,741.3,736.3,730.9,728.3,311.2,300.0,296.5,302.7,314.9,327.3,329.6,323.5,313.4,308.5,305.4,305.1,308.5,314.8,323.3,323.8,322.5,320.8,319.0,316.8,318.7,321.6,320.0,314.8,309.0,306.1,307.8,313.0,331.5,320.7,317.6,324.1,336.3,347.1,350.2,344.7,337.0,331.9,328.8,328.6,331.5,336.5,342.3,343.8,343.4,342.3,341.0,339.8,339.1,341.9,340.6,335.8,330.4,327.5,328.9,333.7,-25.0,-22.5,-17.7,-13.5,-12.3,-14.5,-19.5,-23.8,-30.3,-27.6,-24.1,-20.1,-15.8,-12.3,-10.1,-13.1,-17.0,-21.2,-25.1,-28.2,-21.0,-19.0,-16.8,-15.6,-16.2,-18.1,-20.3,-21.5,29.4,31.6,36.2,40.4,41.8,39.5,35.0,30.4,25.9,29.1,33.1,37.6,41.5,44.8,47.1,44.6,41.2,37.2,32.9,28.9,33.3,35.2,37.2,38.2,37.6,35.7,33.7,32.7,-18.1,-22.2,-23.5,-21.2,-16.6,-12.1,-11.2,-13.5,-17.3,-19.1,-20.2,-20.3,-19.0,-16.7,-13.6,-13.4,-13.8,-14.5,-15.2,-16.0,-15.3,-14.2,-14.8,-16.7,-18.9,-19.9,-19.3,-17.4,-10.5,-14.6,-15.7,-13.3,-8.8,-4.8,-3.6,-5.7,-8.5,-10.4,-11.5,-11.6,-10.5,-8.7,-6.6,-6.0,-6.1,-6.5,-7.0,-7.5,-7.7,-6.7,-7.2,-9.0,-11.0,-12.0,-11.5,-9.7,1110.0,1111.1,1111.1,1109.9,1108.3,1107.3,1107.2,1108.4,1114.4,1112.4,1109.8,1108.4,1108.0,1108.0,1108.4,1107.4,1106.7,1106.9,1108.9,1111.8,1109.6,1109.1,1109.1,1109.6,1110.3,1110.9,1110.9,1110.4,1109.8,1111.6,1112.8,1112.7,1111.5,1109.7,1108.5,1108.7,1109.9,1109.2,1109.0,1109.4,1111.0,1113.7,1116.3,1113.0,1109.9,1108.0,1107.7,1108.6,1110.5,1110.5,1111.0,1111.8,1112.4,1112.4,1111.9,1111.1,5.3,23.6,1193.8,0.09,0.102,0.11199999999999999,496.2,492.5,492.7,497.6,511.5,535.0,560.0,590.7,633.5,679.0,720.0,756.0,783.1,802.1,815.4,826.1,834.5,528.5,550.9,579.7,610.1,637.1,707.5,740.5,770.7,796.0,807.7,667.9,662.8,658.6,654.6,611.3,630.5,649.8,671.8,691.4,556.0,575.5,596.7,614.2,593.7,572.5,708.2,730.1,751.6,768.0,750.2,729.0,566.2,594.0,623.9,644.0,667.6,698.4,724.1,693.1,660.5,635.3,613.2,585.9,576.0,622.6,643.2,666.9,712.9,663.8,639.4,618.1,302.1,353.0,403.9,454.4,501.8,546.1,584.1,615.1,627.3,622.2,596.0,563.3,525.8,485.7,444.7,404.1,364.3,263.3,239.9,229.6,233.9,249.1,258.8,254.3,260.0,276.2,301.7,313.4,345.3,376.5,408.7,425.2,434.2,443.8,439.8,434.9,312.8,305.3,308.7,321.3,323.3,320.6,334.4,327.3,330.8,342.7,345.3,342.2,480.8,469.5,467.9,475.1,473.9,482.6,498.8,528.3,539.2,539.4,534.5,516.9,483.9,484.4,489.0,489.3,500.1,516.7,517.5,512.8,-59.9,-61.5,-61.5,-59.4,-53.4,-43.3,-32.7,-20.0,-2.6,15.8,32.6,47.5,58.5,66.1,71.4,76.0,79.7,-44.9,-35.7,-24.0,-11.8,-1.1,26.6,39.7,51.9,62.3,67.2,11.0,9.0,7.3,5.7,-11.4,-3.8,3.9,12.5,20.2,-33.6,-25.7,-17.2,-10.3,-18.5,-26.9,27.1,35.9,44.5,51.1,43.8,35.4,-29.7,-18.3,-6.3,1.6,10.9,23.1,33.8,21.1,8.1,-1.9,-10.6,-21.5,-25.7,-6.9,1.3,10.6,29.3,9.4,-0.2,-8.7,-24.1,-2.9,18.3,39.4,58.9,76.7,91.7,103.3,107.9,106.1,96.2,83.3,67.8,51.2,34.5,18.0,1.8,-38.9,-48.2,-51.9,-49.9,-43.7,-39.8,-41.8,-39.7,-33.4,-23.4,-18.4,-5.8,6.5,19.0,25.8,29.2,32.9,31.3,29.5,-18.9,-21.8,-20.5,-15.4,-14.6,-15.7,-10.2,-13.0,-11.6,-6.9,-5.9,-7.1,48.6,43.5,42.6,45.3,44.9,48.6,55.8,67.0,70.8,70.8,69.0,62.4,49.8,49.2,50.9,51.1,56.2,62.0,62.3,60.5,1249.2,1251.1,1252.8,1252.1,1245.4,1236.6,1227.1,1214.8,1211.2,1214.4,1222.9,1228.4,1226.5,1223.3,1221.5,1224.6,1229.3,1207.9,1202.7,1194.7,1187.2,1182.5,1180.5,1186.1,1191.7,1197.4,1202.7,1184.3,1178.1,1172.2,1166.7,1186.3,1181.6,1177.6,1178.4,1180.8,1201.3,1197.4,1195.8,1194.4,1195.2,1196.6,1194.0,1194.7,1194.6,1197.3,1193.8,1193.4,1208.0,1191.9,1183.1,1181.3,1181.7,1189.2,1205.3,1194.0,1185.8,1183.9,1185.6,1193.6,1206.2,1185.7,1184.1,1184.8,1203.1,1187.4,1185.9,1187.7,2.499,0.114,0.11199999999999999,0.11199999999999999,653.651,419.085,-40.349000000000004,23.654,8.756,7.36,3.1489999999999996,-4.585,-3.642,6.095,-12.485999999999999,7.675,-18.708,2.293,-2.889,-0.368,1.764,-2.169,-5.013,-2.75,1.101,-4.487,-0.20800000000000002,2.012,3.923,-3.083,-2.5839999999999996,1.21,0.467,0.6859999999999999,-0.307,0.387,0.264,-0.47600000000000003,0.28600000000000003,-0.16399999999999998,2.41,3.3,0.0,0.97,1.13,1.24,0.0,1.48,1.86,1.36,0.0,0.0,0.72,0.1,2.57,1.21,1.25,1.0,1.0,0.0,1.0,1.0,1.0,0.0,1.0,1.0,1.0,1.0,0.0,0.0,1.0,1.0,1.0,0.0,0.0
94,3.103,0.98,0.06654600000000001,0.233671,-0.970036,-0.180015,0.19225799999999998,-0.964693,-0.059000000000000004,0.217,572.2,579.0,591.7,603.0,606.2,600.2,586.6,575.3,558.7,565.2,574.1,584.8,596.7,606.3,612.8,604.3,593.5,582.0,571.6,563.7,583.2,588.4,594.2,597.3,595.8,590.7,584.9,581.8,719.0,724.9,737.2,748.7,752.6,746.7,734.5,722.0,709.8,718.4,729.3,741.3,751.9,760.5,766.7,760.2,751.3,740.4,728.9,718.0,729.7,734.9,740.3,742.9,741.2,736.1,730.6,728.0,312.6,301.1,297.3,303.5,316.0,328.6,331.2,325.0,314.3,309.4,306.3,306.0,309.4,315.8,324.3,324.7,323.4,321.7,319.9,317.6,319.8,322.6,321.0,315.7,310.1,307.2,308.9,314.1,332.2,321.5,318.4,324.7,336.8,347.5,350.6,345.2,337.7,332.5,329.4,329.2,332.2,337.3,343.2,344.6,344.1,343.0,341.7,340.5,339.8,342.6,341.2,336.4,331.1,328.2,329.6,334.4,-24.9,-22.4,-17.7,-13.6,-12.4,-14.6,-19.6,-23.7,-30.0,-27.5,-24.2,-20.2,-15.9,-12.4,-10.0,-13.1,-17.0,-21.3,-25.1,-28.1,-20.8,-19.0,-16.8,-15.7,-16.2,-18.1,-20.2,-21.4,29.2,31.4,35.9,40.2,41.6,39.4,34.8,30.2,25.7,28.9,32.9,37.3,41.3,44.6,47.0,44.4,41.0,37.0,32.7,28.7,33.1,35.0,37.0,38.0,37.4,35.5,33.5,32.5,-17.4,-21.7,-23.0,-20.7,-16.1,-11.5,-10.5,-12.8,-16.9,-18.7,-19.7,-19.8,-18.5,-16.2,-13.1,-12.9,-13.4,-14.0,-14.7,-15.6,-14.8,-13.7,-14.3,-16.2,-18.3,-19.4,-18.8,-16.9,-10.3,-14.2,-15.4,-13.0,-8.6,-4.6,-3.5,-5.4,-8.2,-10.2,-11.3,-11.4,-10.3,-8.4,-6.2,-5.7,-5.9,-6.3,-6.7,-7.2,-7.5,-6.4,-6.9,-8.7,-10.7,-11.7,-11.2,-9.5,1102.4,1103.1,1102.7,1101.4,1100.0,1099.5,1099.8,1101.0,1107.6,1105.1,1102.1,1100.4,1099.7,1099.7,1100.2,1099.4,1099.0,1099.5,1101.6,1104.7,1102.0,1101.4,1101.2,1101.5,1102.1,1102.7,1102.9,1102.6,1106.4,1108.3,1109.5,1109.3,1107.8,1105.9,1104.7,1105.0,1106.3,1105.8,1105.5,1105.9,1107.4,1109.9,1112.3,1109.0,1106.0,1104.1,1104.0,1104.9,1106.9,1106.8,1107.4,1108.2,1108.9,1109.0,1108.4,1107.6,5.3,23.9,1194.5,0.098,0.10400000000000001,0.11,496.1,492.5,492.7,497.5,511.5,535.2,560.3,591.1,634.0,679.5,720.5,756.3,783.2,802.0,815.2,825.9,834.2,528.0,550.5,579.1,609.4,636.4,707.3,740.2,770.2,795.4,807.3,667.6,662.6,658.3,654.4,610.9,630.2,649.7,671.8,691.5,555.6,575.2,596.4,613.9,593.3,572.1,707.9,729.9,751.5,767.9,750.0,728.9,565.4,593.5,623.7,644.0,667.8,698.9,725.2,693.7,660.7,635.2,613.0,585.3,575.2,622.4,643.2,667.2,714.0,664.1,639.4,617.9,301.9,353.0,404.2,454.9,502.6,547.1,585.3,616.3,628.2,622.8,596.3,563.3,525.5,485.3,444.4,403.7,363.8,264.2,240.9,230.8,235.0,250.0,259.7,255.2,260.9,276.7,301.8,314.2,346.4,377.8,410.3,426.2,435.3,445.0,440.9,435.8,313.7,306.2,309.6,322.3,324.3,321.5,335.2,328.1,331.5,343.3,345.9,342.9,480.6,469.8,468.7,475.8,474.6,482.9,498.5,528.5,539.9,540.2,535.3,517.4,483.8,484.9,489.5,489.7,499.9,517.4,518.3,513.7,-59.9,-61.5,-61.5,-59.5,-53.4,-43.2,-32.6,-19.8,-2.4,16.0,32.8,47.7,58.6,66.1,71.3,75.9,79.6,-45.1,-35.9,-24.3,-12.1,-1.4,26.5,39.6,51.7,62.0,67.1,10.9,8.9,7.2,5.6,-11.5,-3.9,3.8,12.5,20.3,-33.8,-25.9,-17.4,-10.4,-18.6,-27.1,27.0,35.8,44.4,51.0,43.8,35.4,-30.1,-18.5,-6.4,1.6,11.0,23.4,34.3,21.4,8.2,-1.9,-10.7,-21.8,-26.1,-7.0,1.3,10.7,29.7,9.6,-0.2,-8.7,-24.2,-2.9,18.5,39.6,59.2,77.2,92.2,103.9,108.4,106.5,96.4,83.3,67.7,51.1,34.3,17.8,1.6,-38.6,-47.7,-51.5,-49.5,-43.4,-39.5,-41.4,-39.4,-33.3,-23.3,-18.1,-5.3,7.0,19.6,26.2,29.7,33.4,31.8,29.9,-18.6,-21.5,-20.1,-15.0,-14.2,-15.3,-9.9,-12.7,-11.4,-6.6,-5.6,-6.8,48.6,43.7,42.9,45.7,45.2,48.7,55.7,67.1,71.1,71.2,69.3,62.7,49.8,49.4,51.2,51.3,56.2,62.3,62.6,60.9,1249.6,1251.6,1253.4,1252.8,1246.3,1237.7,1228.4,1216.1,1212.4,1215.5,1223.8,1229.1,1226.9,1223.4,1221.5,1224.6,1229.3,1208.1,1202.8,1194.8,1187.3,1182.6,1180.7,1186.2,1191.8,1197.4,1202.6,1184.5,1178.5,1172.7,1167.4,1187.0,1182.2,1178.2,1179.0,1181.4,1201.5,1197.6,1196.0,1194.6,1195.4,1196.8,1194.3,1195.0,1194.8,1197.5,1194.0,1193.7,1209.3,1193.0,1184.0,1182.2,1182.6,1190.2,1206.3,1195.0,1186.6,1184.8,1186.5,1194.7,1207.5,1186.6,1185.0,1185.6,1204.2,1188.3,1186.8,1188.6,2.498,0.121,0.115,0.109,653.54,419.70599999999996,-41.349,24.098000000000003,9.81,6.521,2.978,-4.09,-4.221,5.763,-12.915,7.5360000000000005,-18.902,2.7510000000000003,-2.968,-0.14800000000000002,1.704,-2.211,-5.023,-2.483,1.088,-4.39,-0.162,1.98,3.7060000000000004,-3.109,-2.674,1.208,0.37799999999999995,0.669,-0.318,0.37,0.27699999999999997,-0.488,0.27899999999999997,-0.146,2.41,3.25,0.0,1.09,1.17,1.33,0.0,1.53,1.96,1.33,0.0,0.0,0.55,0.01,2.62,1.19,1.26,1.0,1.0,0.0,1.0,1.0,1.0,0.0,1.0,1.0,1.0,1.0,0.0,0.0,1.0,1.0,1.0,0.0,0.0
95,3.136,0.98,0.07048,0.237713,-0.968775,-0.17729,0.205821,-0.9623959999999999,-0.055,0.226,571.4,578.2,591.2,602.6,605.9,599.9,586.2,574.7,557.8,564.5,573.6,584.3,596.1,605.8,612.5,603.9,593.0,581.3,570.9,562.8,582.7,587.9,593.7,596.8,595.4,590.2,584.3,581.2,718.4,724.6,736.9,748.2,751.7,745.5,733.2,720.9,708.6,717.4,728.5,740.7,751.4,760.1,766.2,759.7,750.5,739.3,727.5,716.5,728.9,733.9,739.4,742.1,740.5,735.5,730.1,727.3,313.6,302.1,298.3,304.4,316.9,329.5,332.2,326.1,315.1,310.3,307.2,307.0,310.5,316.7,325.1,325.7,324.3,322.6,320.8,318.6,320.9,323.7,321.9,316.7,311.0,308.2,310.0,315.2,332.8,321.9,318.9,325.4,337.8,348.7,351.7,346.0,337.7,332.9,330.0,329.9,333.0,338.1,343.9,345.0,344.3,342.8,341.4,340.3,340.4,343.3,341.9,337.1,331.6,328.7,330.0,334.9,-25.0,-22.6,-17.8,-13.6,-12.4,-14.6,-19.6,-23.8,-30.1,-27.6,-24.2,-20.3,-16.0,-12.4,-10.0,-13.1,-17.1,-21.3,-25.2,-28.2,-20.9,-19.0,-16.9,-15.7,-16.3,-18.2,-20.3,-21.5,29.0,31.3,35.9,40.1,41.4,39.0,34.4,29.9,25.4,28.6,32.7,37.2,41.2,44.6,46.9,44.4,40.8,36.6,32.3,28.3,32.9,34.7,36.8,37.8,37.2,35.4,33.3,32.3,-16.9,-21.2,-22.5,-20.3,-15.7,-11.1,-10.1,-12.4,-16.5,-18.2,-19.2,-19.3,-18.0,-15.7,-12.7,-12.5,-13.0,-13.6,-14.3,-15.2,-14.3,-13.2,-13.9,-15.8,-17.9,-18.9,-18.3,-16.3,-10.1,-14.1,-15.2,-12.8,-8.2,-4.2,-3.1,-5.2,-8.2,-10.0,-11.1,-11.1,-10.0,-8.1,-6.0,-5.6,-5.8,-6.3,-6.9,-7.3,-7.3,-6.2,-6.7,-8.5,-10.5,-11.6,-11.1,-9.3,1094.7,1095.5,1095.2,1093.9,1092.4,1091.7,1091.9,1093.2,1099.8,1097.5,1094.5,1092.8,1092.2,1092.1,1092.6,1091.7,1091.3,1091.7,1093.8,1097.0,1094.2,1093.6,1093.5,1093.9,1094.6,1095.1,1095.3,1094.9,1108.9,1110.4,1111.4,1111.3,1110.2,1108.7,1107.7,1107.9,1109.5,1108.7,1108.2,1108.5,1110.1,1112.8,1115.3,1112.1,1109.1,1107.3,1107.1,1108.1,1109.6,1109.5,1110.0,1110.6,1111.1,1111.2,1110.7,1110.1,5.1,24.1,1192.4,0.1,0.10300000000000001,0.10800000000000001,495.4,491.9,492.3,497.3,511.4,535.4,560.6,591.2,633.9,679.5,720.5,756.3,783.1,801.8,814.9,825.4,833.5,527.1,549.5,578.1,608.5,635.6,706.3,739.2,769.3,794.7,806.6,667.1,662.1,657.9,654.0,610.4,629.7,649.3,671.5,691.3,555.0,574.6,595.8,613.4,592.7,571.6,707.0,729.1,750.6,767.2,749.2,728.1,564.6,592.7,623.2,643.7,667.8,699.0,725.4,693.8,660.7,634.8,612.3,584.5,574.3,621.9,642.9,667.2,714.2,664.1,639.0,617.4,302.5,353.7,405.0,456.0,503.7,548.1,586.2,617.1,629.0,623.5,596.7,563.4,525.6,485.5,444.6,404.0,364.1,265.5,242.2,232.0,236.2,251.2,260.6,256.0,261.6,277.4,302.6,315.1,347.4,379.0,411.5,427.0,436.1,445.9,441.7,436.6,314.5,307.3,310.6,323.1,324.9,322.3,335.7,328.6,332.0,343.7,346.2,343.2,480.5,469.9,468.9,476.2,474.9,483.0,498.3,528.9,540.7,541.1,536.1,517.9,483.8,485.0,489.8,489.9,499.8,518.1,519.2,514.4,-60.2,-61.7,-61.6,-59.5,-53.3,-43.1,-32.5,-19.8,-2.4,16.0,32.8,47.6,58.5,65.9,71.1,75.6,79.2,-45.4,-36.2,-24.6,-12.4,-1.7,26.1,39.1,51.3,61.7,66.7,10.7,8.7,7.0,5.4,-11.7,-4.1,3.6,12.4,20.2,-34.0,-26.1,-17.6,-10.6,-18.8,-27.3,26.6,35.4,44.0,50.7,43.4,35.0,-30.4,-18.8,-6.6,1.4,10.9,23.4,34.3,21.4,8.2,-2.0,-10.9,-22.1,-26.4,-7.2,1.1,10.7,29.8,9.5,-0.4,-8.9,-23.9,-2.6,18.8,40.0,59.6,77.5,92.5,104.1,108.6,106.6,96.4,83.2,67.7,51.1,34.4,17.9,1.7,-38.0,-47.2,-50.9,-48.9,-42.8,-39.1,-41.0,-39.0,-32.9,-23.0,-17.7,-4.9,7.4,20.0,26.5,29.9,33.7,32.0,30.1,-18.2,-21.0,-19.7,-14.7,-13.9,-15.0,-9.6,-12.5,-11.1,-6.5,-5.5,-6.7,48.5,43.7,42.9,45.7,45.2,48.7,55.5,67.2,71.3,71.4,69.5,62.8,49.8,49.4,51.2,51.2,56.0,62.5,62.9,61.1,1248.1,1250.1,1251.9,1251.2,1244.9,1236.4,1226.9,1214.5,1210.9,1214.0,1222.5,1227.8,1225.6,1222.2,1220.3,1223.6,1228.5,1206.3,1200.9,1192.8,1185.2,1180.3,1178.5,1184.2,1190.0,1195.8,1201.2,1182.4,1176.3,1170.3,1164.9,1184.8,1180.0,1175.9,1176.7,1179.1,1199.5,1195.4,1193.9,1192.5,1193.3,1194.6,1192.4,1193.1,1193.0,1195.7,1192.1,1191.8,1207.5,1191.0,1181.9,1180.1,1180.4,1188.2,1204.6,1193.1,1184.6,1182.8,1184.5,1192.8,1205.8,1184.6,1182.9,1183.6,1202.5,1186.3,1184.8,1186.7,2.502,0.124,0.113,0.107,653.097,420.333,-38.952,24.584,11.530999999999999,6.999,2.805,-3.842,-3.971,5.704,-13.296,7.6160000000000005,-18.675,2.9530000000000003,-2.589,0.153,1.8430000000000002,-2.25,-4.91,-2.46,0.777,-4.706,-0.115,2.0140000000000002,3.863,-2.9419999999999997,-2.6260000000000003,1.297,0.544,0.568,-0.15,0.35200000000000004,0.28,-0.45899999999999996,0.353,-0.16699999999999998,2.46,3.21,0.0,1.17,1.24,1.51,0.0,1.59,2.05,1.3,0.0,0.0,0.45,0.02,2.7,1.07,1.23,1.0,1.0,0.0,1.0,1.0,1.0,0.0,1.0,1.0,1.0,1.0,0.0,0.0,1.0,1.0,1.0,0.0,0.0
96,3.17,0.98,0.068898,0.239411,-0.9684709999999999,-0.17141800000000001,0.19406400000000001,-0.9658959999999999,-0.053,0.22,571.0,577.8,590.6,602.0,605.2,599.3,585.6,574.3,557.6,564.2,573.1,583.8,595.7,605.3,611.8,603.2,592.3,580.7,570.5,562.5,582.2,587.4,593.2,596.3,594.8,589.7,583.9,580.8,717.8,723.8,736.2,747.9,751.9,745.9,733.5,720.8,708.3,717.0,728.1,740.2,750.8,759.5,765.8,759.3,750.2,739.1,727.4,716.4,728.7,733.9,739.4,742.0,740.2,735.1,729.6,727.0,313.9,302.4,298.5,304.7,317.2,329.8,332.5,326.4,315.4,310.5,307.5,307.3,310.7,317.0,325.4,325.9,324.6,322.9,321.1,318.8,321.1,323.9,322.2,317.0,311.3,308.5,310.2,315.4,332.7,322.0,319.0,325.4,337.6,348.3,351.3,345.9,338.3,333.1,330.0,330.0,333.0,338.2,344.1,345.3,344.6,343.3,342.0,341.0,340.4,343.3,341.9,337.2,331.8,329.0,330.3,335.1,-25.3,-22.8,-18.1,-13.9,-12.7,-14.9,-19.9,-24.1,-30.3,-27.9,-24.5,-20.6,-16.2,-12.7,-10.3,-13.4,-17.4,-21.7,-25.5,-28.4,-21.2,-19.3,-17.1,-16.0,-16.5,-18.4,-20.6,-21.7,28.5,30.7,35.3,39.6,41.0,38.8,34.2,29.5,25.0,28.2,32.2,36.7,40.6,43.9,46.3,43.8,40.3,36.2,31.9,28.0,32.5,34.4,36.4,37.4,36.8,34.9,32.9,31.9,-16.9,-21.1,-22.5,-20.3,-15.7,-11.0,-10.0,-12.3,-16.4,-18.2,-19.2,-19.3,-18.0,-15.7,-12.7,-12.5,-12.9,-13.6,-14.3,-15.1,-14.2,-13.2,-13.8,-15.8,-17.8,-18.9,-18.3,-16.3,-10.0,-13.9,-15.1,-12.7,-8.2,-4.3,-3.2,-5.2,-7.9,-9.8,-11.0,-11.0,-9.9,-8.0,-5.9,-5.4,-5.6,-6.1,-6.6,-7.0,-7.2,-6.1,-6.6,-8.4,-10.3,-11.4,-10.9,-9.1,1099.2,1099.9,1099.5,1098.2,1096.7,1096.2,1096.5,1097.8,1104.4,1101.9,1098.9,1097.1,1096.5,1096.4,1097.0,1096.1,1095.7,1096.2,1098.4,1101.5,1098.7,1098.1,1097.9,1098.2,1098.9,1099.5,1099.7,1099.3,1098.4,1100.4,1101.7,1101.4,1099.8,1097.8,1096.6,1096.9,1098.4,1097.9,1097.6,1098.0,1099.4,1101.9,1104.2,1101.0,1098.0,1096.2,1096.0,1097.0,1098.9,1098.8,1099.3,1100.2,1100.9,1101.0,1100.5,1099.6,5.0,24.1,1193.2,0.10300000000000001,0.10400000000000001,0.106,495.1,491.6,491.9,496.8,511.1,535.3,560.5,591.0,633.6,679.0,720.1,756.1,783.1,801.9,814.9,825.3,833.2,526.5,548.8,577.4,607.7,634.9,705.9,738.7,768.8,794.2,806.0,666.6,661.5,657.4,653.5,609.9,629.3,648.9,671.1,690.9,554.5,574.1,595.3,612.9,592.2,571.0,706.6,728.7,750.3,766.8,748.9,727.7,564.1,592.4,622.9,643.4,667.6,699.0,725.8,693.8,660.5,634.6,612.1,584.2,573.8,621.6,642.6,667.0,714.6,663.9,638.8,617.1,302.3,353.6,405.0,456.0,503.9,548.4,586.4,617.5,629.4,623.8,596.7,563.2,525.3,484.9,443.8,403.0,363.0,266.1,242.7,232.4,236.6,251.7,261.2,256.5,262.0,277.8,303.0,315.4,347.7,379.1,411.6,427.2,436.3,446.1,441.8,436.7,314.8,307.4,310.8,323.5,325.3,322.6,336.1,328.8,332.2,343.9,346.5,343.5,480.1,470.0,469.2,476.4,475.0,482.9,497.8,528.7,540.6,541.1,536.1,517.8,483.5,485.2,489.9,490.0,499.5,518.2,519.3,514.6,-60.3,-61.9,-61.8,-59.8,-53.5,-43.2,-32.5,-19.9,-2.6,15.8,32.7,47.5,58.5,66.0,71.2,75.6,79.1,-45.7,-36.5,-24.9,-12.8,-2.0,25.9,39.0,51.1,61.5,66.5,10.5,8.5,6.8,5.2,-11.9,-4.2,3.5,12.2,20.0,-34.2,-26.3,-17.8,-10.8,-19.0,-27.5,26.5,35.3,43.9,50.6,43.3,34.9,-30.6,-18.9,-6.7,1.3,10.9,23.4,34.5,21.4,8.1,-2.1,-11.0,-22.2,-26.6,-7.3,1.0,10.7,29.9,9.5,-0.5,-9.0,-24.0,-2.7,18.8,40.1,59.7,77.7,92.7,104.3,108.8,106.8,96.5,83.2,67.6,50.9,34.1,17.5,1.2,-37.8,-47.0,-50.7,-48.8,-42.6,-38.9,-40.9,-38.9,-32.8,-22.8,-17.6,-4.8,7.5,20.1,26.5,30.0,33.8,32.1,30.2,-18.1,-21.0,-19.6,-14.5,-13.8,-14.9,-9.5,-12.4,-11.1,-6.4,-5.4,-6.5,48.4,43.7,43.0,45.8,45.3,48.7,55.4,67.2,71.4,71.4,69.6,62.8,49.7,49.5,51.3,51.3,55.9,62.6,63.0,61.2,1248.6,1250.7,1252.5,1251.9,1245.6,1237.2,1228.0,1215.6,1212.0,1215.0,1223.3,1228.5,1226.2,1222.7,1220.8,1223.9,1228.8,1207.0,1201.6,1193.5,1186.0,1181.2,1179.3,1184.9,1190.5,1196.3,1201.5,1183.1,1177.0,1171.0,1165.5,1185.5,1180.7,1176.6,1177.4,1179.9,1200.1,1196.1,1194.5,1193.2,1193.9,1195.3,1193.0,1193.7,1193.5,1196.1,1192.6,1192.3,1208.6,1192.0,1182.7,1181.0,1181.3,1189.1,1205.6,1194.0,1185.4,1183.5,1185.3,1193.8,1206.9,1185.4,1183.7,1184.4,1203.5,1187.1,1185.6,1187.5,2.5,0.127,0.115,0.105,652.756,420.43,-39.483000000000004,24.430999999999997,12.023,6.473,2.424,-3.678,-4.5089999999999995,5.093999999999999,-13.232999999999999,7.235,-18.899,3.338,-2.5810000000000004,-0.161,1.5230000000000001,-2.41,-5.003,-2.61,1.0,-4.5,-0.26899999999999996,1.8780000000000001,3.697,-2.821,-2.375,1.3019999999999998,0.489,0.706,-0.18899999999999997,0.368,0.28300000000000003,-0.47100000000000003,0.322,-0.174,2.45,3.14,0.0,1.2,1.3,1.61,0.0,1.6,2.15,1.3,0.0,0.0,0.35,0.07,2.74,1.1,1.24,1.0,1.0,0.0,1.0,1.0,1.0,0.0,1.0,1.0,1.0,1.0,0.0,0.0,1.0,1.0,1.0,0.0,0.0
97,3.2030000000000003,0.98,0.07282000000000001,0.23794400000000002,-0.9685450000000001,-0.16951300000000002,0.201889,-0.964627,-0.05,0.22399999999999998,570.7,577.6,590.5,602.0,605.2,599.2,585.4,574.0,557.1,563.8,572.8,583.6,595.4,605.0,611.4,602.9,592.0,580.4,570.1,562.1,582.0,587.1,592.9,596.0,594.6,589.4,583.6,580.6,717.8,723.8,736.1,747.5,751.2,745.2,732.9,720.6,707.3,716.4,727.7,740.0,750.9,759.6,765.5,759.2,750.0,738.7,726.6,715.3,728.4,733.4,738.9,741.5,739.8,734.8,729.4,726.7,313.8,302.2,298.4,304.6,317.2,329.8,332.5,326.3,315.3,310.4,307.5,307.3,310.7,316.9,325.3,325.9,324.5,322.8,321.0,318.7,321.0,323.8,322.1,316.9,311.3,308.6,310.2,315.4,332.9,321.9,318.8,325.2,337.5,348.5,351.6,346.1,337.6,332.9,330.0,329.8,333.0,338.3,344.1,345.3,344.5,342.9,341.4,340.3,340.3,343.2,341.8,336.9,331.5,328.7,330.1,334.9,-25.4,-22.9,-18.2,-13.9,-12.7,-14.9,-20.0,-24.2,-30.5,-28.0,-24.6,-20.6,-16.3,-12.8,-10.5,-13.6,-17.5,-21.8,-25.6,-28.6,-21.3,-19.4,-17.2,-16.1,-16.7,-18.5,-20.7,-21.8,28.4,30.7,35.2,39.3,40.7,38.4,33.9,29.4,24.6,27.9,32.0,36.5,40.6,43.9,46.1,43.7,40.2,36.0,31.6,27.5,32.3,34.2,36.2,37.1,36.5,34.7,32.7,31.7,-17.0,-21.2,-22.6,-20.3,-15.7,-11.0,-10.1,-12.3,-16.5,-18.2,-19.2,-19.3,-18.0,-15.7,-12.7,-12.5,-13.0,-13.6,-14.3,-15.2,-14.3,-13.3,-13.9,-15.8,-17.8,-18.9,-18.2,-16.3,-9.9,-13.9,-15.1,-12.7,-8.2,-4.2,-3.0,-5.1,-8.2,-9.9,-11.0,-11.0,-9.9,-8.0,-5.8,-5.4,-5.7,-6.2,-6.8,-7.2,-7.2,-6.1,-6.7,-8.4,-10.4,-11.5,-11.0,-9.2,1099.7,1100.6,1100.3,1099.1,1097.5,1096.8,1096.9,1098.2,1104.6,1102.2,1099.4,1097.8,1097.2,1097.1,1097.6,1096.7,1096.2,1096.6,1098.7,1101.8,1099.3,1098.7,1098.6,1099.0,1099.6,1100.2,1100.3,1099.9,1095.8,1097.3,1098.4,1098.5,1097.4,1095.8,1094.7,1094.9,1096.6,1095.8,1095.4,1095.9,1097.5,1100.3,1102.9,1099.5,1096.4,1094.5,1094.3,1095.2,1096.6,1096.6,1097.1,1097.7,1098.2,1098.2,1097.7,1097.0,4.9,24.0,1191.1,0.10099999999999999,0.10400000000000001,0.10400000000000001,494.6,491.3,491.8,496.8,511.3,535.5,560.8,591.1,633.9,679.6,720.8,756.7,783.5,802.0,814.8,825.1,833.0,525.9,548.1,576.6,607.0,634.2,705.4,738.2,768.4,793.9,805.8,666.3,661.3,657.1,653.2,609.6,629.0,648.7,671.0,690.8,554.2,573.8,595.0,612.7,591.9,570.7,706.1,728.4,749.9,766.6,748.5,727.3,563.8,592.1,622.7,643.2,667.4,699.0,726.1,693.8,660.3,634.4,612.0,584.0,573.4,621.5,642.5,666.9,714.9,663.8,638.6,617.0,302.5,353.9,405.4,456.5,504.3,548.7,586.6,617.6,629.6,623.9,596.8,563.2,524.9,484.5,443.3,402.7,362.7,266.3,242.9,232.6,236.7,251.8,261.1,256.5,261.9,277.7,302.9,315.2,347.5,379.1,411.6,427.0,436.2,446.0,441.7,436.5,314.8,307.5,310.8,323.4,325.2,322.6,335.9,328.7,332.0,343.7,346.2,343.3,479.4,469.6,468.9,476.1,474.7,482.5,497.2,528.2,540.1,540.6,535.6,517.2,482.9,484.7,489.4,489.5,498.8,517.9,519.0,514.3,-60.5,-61.9,-61.8,-59.7,-53.4,-43.0,-32.4,-19.8,-2.5,16.0,32.9,47.7,58.6,65.9,71.0,75.4,79.0,-45.8,-36.7,-25.2,-13.0,-2.3,25.7,38.7,50.9,61.3,66.3,10.3,8.3,6.6,5.1,-12.0,-4.3,3.4,12.1,19.9,-34.3,-26.3,-17.9,-10.8,-19.1,-27.6,26.2,35.1,43.7,50.4,43.1,34.6,-30.7,-19.0,-6.8,1.3,10.8,23.3,34.5,21.4,8.0,-2.2,-11.1,-22.3,-26.8,-7.3,1.0,10.6,30.0,9.4,-0.5,-9.1,-23.9,-2.5,18.9,40.2,59.8,77.7,92.6,104.2,108.7,106.7,96.4,83.1,67.3,50.7,33.9,17.4,1.1,-37.7,-46.8,-50.6,-48.7,-42.5,-38.8,-40.8,-38.8,-32.8,-22.8,-17.6,-4.9,7.4,20.0,26.4,29.9,33.7,32.0,30.0,-18.1,-20.9,-19.6,-14.5,-13.8,-14.9,-9.6,-12.4,-11.1,-6.5,-5.5,-6.6,48.0,43.5,42.9,45.6,45.1,48.5,55.0,66.8,71.0,71.1,69.2,62.4,49.4,49.2,51.0,51.0,55.6,62.3,62.7,60.9,1247.6,1249.4,1251.0,1250.2,1243.8,1235.5,1226.1,1213.6,1210.0,1212.9,1221.5,1226.7,1224.5,1220.9,1219.1,1222.3,1227.4,1205.3,1199.8,1191.6,1184.0,1179.0,1177.1,1182.9,1188.7,1194.5,1199.9,1181.0,1174.7,1168.6,1163.0,1183.3,1178.4,1174.2,1175.1,1177.6,1198.2,1194.2,1192.6,1191.3,1192.0,1193.3,1191.1,1191.8,1191.6,1194.3,1190.7,1190.4,1206.8,1190.0,1180.6,1178.8,1179.1,1187.0,1203.7,1191.8,1183.0,1181.2,1182.9,1191.6,1205.1,1183.2,1181.5,1182.3,1201.6,1184.8,1183.3,1185.2,2.504,0.125,0.115,0.10300000000000001,652.578,420.282,-37.425,25.079,13.074000000000002,6.534,2.405,-3.248,-4.592,5.026,-13.475999999999999,7.2010000000000005,-18.909000000000002,3.3480000000000003,-2.767,-0.374,1.673,-2.68,-4.553999999999999,-2.468,0.722,-4.669,-0.253,1.9880000000000002,3.832,-2.8,-2.386,1.315,0.45399999999999996,0.598,-0.113,0.34700000000000003,0.29100000000000004,-0.5,0.335,-0.175,2.43,3.15,0.0,1.17,1.34,1.69,0.0,1.63,2.22,1.35,0.0,0.0,0.27,0.13,2.8,1.04,1.22,1.0,1.0,0.0,0.0,1.0,1.0,0.0,1.0,1.0,1.0,1.0,0.0,0.0,1.0,1.0,1.0,0.0,0.0
98,3.237,0.98,0.070487,0.237416,-0.9688469999999999,-0.169417,0.19098900000000002,-0.9668610000000001,-0.051,0.218,570.7,577.5,590.4,601.8,605.0,599.0,585.4,574.0,557.4,563.8,572.6,583.3,595.3,605.0,611.6,603.0,592.0,580.4,570.1,562.2,582.1,587.1,592.9,595.9,594.5,589.4,583.7,580.6,717.6,723.4,735.8,747.4,751.6,745.8,733.5,720.7,707.7,716.7,727.9,740.0,750.6,759.1,765.2,759.0,750.1,739.1,727.3,716.1,728.5,733.6,739.1,741.6,739.8,734.6,729.2,726.6,313.6,302.0,298.2,304.4,317.0,329.8,332.5,326.2,315.2,310.2,307.3,307.0,310.4,316.7,325.1,325.6,324.3,322.6,320.8,318.5,320.8,323.6,321.9,316.7,311.0,308.3,310.0,315.2,332.3,321.4,318.3,324.8,337.1,348.0,351.1,345.6,337.8,332.7,329.6,329.4,332.4,337.6,343.5,344.8,344.3,343.1,341.7,340.6,340.0,342.9,341.5,336.6,331.2,328.3,329.7,334.5,-25.3,-22.9,-18.1,-14.0,-12.8,-14.9,-19.9,-24.1,-30.4,-27.9,-24.6,-20.7,-16.3,-12.8,-10.4,-13.5,-17.5,-21.7,-25.5,-28.5,-21.2,-19.3,-17.2,-16.1,-16.6,-18.5,-20.6,-21.7,28.1,30.3,34.8,39.1,40.5,38.4,33.8,29.2,24.6,27.8,31.8,36.3,40.2,43.4,45.7,43.3,39.9,35.9,31.6,27.6,32.1,34.0,36.0,36.9,36.3,34.4,32.4,31.4,-17.0,-21.2,-22.6,-20.3,-15.7,-11.0,-10.0,-12.3,-16.5,-18.3,-19.3,-19.3,-18.1,-15.8,-12.8,-12.6,-13.0,-13.6,-14.3,-15.2,-14.3,-13.3,-13.9,-15.8,-17.9,-18.9,-18.3,-16.4,-10.0,-14.0,-15.2,-12.8,-8.3,-4.4,-3.2,-5.2,-8.0,-9.9,-11.0,-11.1,-10.0,-8.2,-6.0,-5.5,-5.7,-6.1,-6.6,-7.0,-7.3,-6.2,-6.7,-8.5,-10.5,-11.5,-11.0,-9.2,1097.1,1097.6,1097.2,1095.9,1094.6,1094.2,1094.5,1095.8,1102.3,1099.8,1096.7,1095.0,1094.3,1094.3,1094.8,1094.1,1093.7,1094.2,1096.4,1099.6,1096.6,1096.1,1095.8,1096.1,1096.7,1097.3,1097.5,1097.2,1087.8,1089.8,1091.2,1091.2,1089.8,1087.8,1086.4,1086.5,1087.9,1087.3,1087.2,1087.7,1089.4,1092.0,1094.6,1091.2,1088.0,1086.0,1085.7,1086.5,1088.5,1088.5,1089.1,1090.0,1090.6,1090.6,1090.0,1089.1,4.9,23.9,1193.2,0.099,0.106,0.10400000000000001,494.7,491.4,491.9,496.8,511.2,535.6,561.1,591.5,634.1,679.5,720.6,756.5,783.4,802.0,814.8,825.1,833.1,525.6,547.9,576.5,607.0,634.4,705.2,738.0,768.2,793.8,805.8,666.3,661.3,657.2,653.3,609.8,629.2,648.7,671.0,690.7,554.1,573.8,595.0,612.7,591.9,570.6,706.2,728.4,750.0,766.6,748.6,727.4,563.8,592.2,622.8,643.2,667.3,698.9,726.1,693.8,660.2,634.4,612.0,583.9,573.4,621.5,642.5,666.8,714.9,663.7,638.7,617.1,302.3,353.9,405.5,456.7,504.6,549.0,586.8,617.5,629.2,623.4,596.3,562.8,524.7,484.3,443.1,402.3,362.3,266.6,242.9,232.4,236.4,251.6,260.8,256.2,261.6,277.4,302.7,314.9,347.0,378.5,411.0,426.7,435.7,445.4,441.1,436.0,314.6,307.2,310.5,323.2,325.0,322.4,335.7,328.3,331.6,343.4,346.0,343.1,478.9,468.9,468.2,475.4,474.0,481.8,496.6,527.6,539.5,540.0,535.0,516.7,482.3,484.1,488.8,488.8,498.2,517.2,518.4,513.7,-60.5,-62.0,-61.9,-59.8,-53.5,-43.1,-32.3,-19.6,-2.4,16.0,32.9,47.7,58.6,66.0,71.1,75.5,79.1,-46.1,-36.9,-25.3,-13.0,-2.2,25.7,38.7,50.9,61.3,66.4,10.4,8.4,6.7,5.2,-11.9,-4.3,3.4,12.2,19.9,-34.4,-26.4,-17.9,-10.9,-19.1,-27.6,26.3,35.2,43.8,50.5,43.2,34.7,-30.7,-19.0,-6.8,1.3,10.8,23.3,34.6,21.4,8.0,-2.2,-11.1,-22.3,-26.8,-7.3,1.0,10.6,30.0,9.4,-0.5,-9.1,-24.0,-2.5,19.0,40.4,60.0,77.9,92.8,104.3,108.7,106.7,96.3,83.0,67.3,50.6,33.8,17.3,0.9,-37.6,-46.9,-50.8,-48.9,-42.7,-39.0,-41.0,-39.0,-33.0,-23.0,-17.8,-5.1,7.2,19.8,26.3,29.8,33.5,31.8,29.9,-18.2,-21.1,-19.7,-14.6,-13.9,-15.0,-9.7,-12.6,-11.3,-6.6,-5.6,-6.7,47.9,43.3,42.7,45.4,44.9,48.3,54.9,66.7,70.9,71.0,69.1,62.4,49.2,49.0,50.8,50.9,55.5,62.2,62.6,60.8,1249.6,1251.5,1253.1,1252.2,1245.7,1237.2,1227.9,1215.4,1211.8,1214.7,1223.1,1228.2,1225.9,1222.5,1220.7,1224.0,1229.0,1207.5,1202.1,1194.0,1186.3,1181.4,1179.5,1185.0,1190.7,1196.4,1201.7,1183.2,1177.0,1170.9,1165.4,1185.5,1180.6,1176.4,1177.2,1179.7,1200.4,1196.3,1194.8,1193.4,1194.1,1195.5,1193.2,1193.8,1193.6,1196.2,1192.7,1192.4,1208.8,1192.2,1182.7,1180.9,1181.3,1189.0,1205.5,1193.8,1185.1,1183.3,1185.1,1193.8,1207.1,1185.3,1183.6,1184.4,1203.4,1187.0,1185.4,1187.4,2.5,0.12300000000000001,0.11699999999999999,0.10300000000000001,652.5840000000001,419.923,-38.654,24.982,12.924000000000001,5.885,2.6210000000000004,-3.343,-4.54,4.694,-13.386,6.881,-19.039,3.3169999999999997,-2.656,-0.032,1.517,-2.656,-4.817,-2.324,0.7509999999999999,-4.279,-0.375,1.716,3.698,-2.6639999999999997,-2.364,1.193,0.442,0.659,-0.285,0.373,0.28600000000000003,-0.475,0.284,-0.157,2.49,3.16,0.0,1.1,1.36,1.73,0.0,1.64,2.27,1.33,0.0,0.0,0.21,0.15,2.85,1.09,1.22,1.0,1.0,0.0,0.0,1.0,1.0,0.0,1.0,1.0,1.0,0.0,0.0,0.0,1.0,1.0,1.0,0.0,0.0
99,3.27,0.98,0.074803,0.23500500000000002,-0.9691120000000001,-0.172516,0.195761,-0.9653579999999999,-0.05,0.21899999999999997,570.8,577.6,590.4,601.8,605.0,599.1,585.5,574.1,557.0,563.6,572.6,583.4,595.3,604.9,611.4,603.0,592.2,580.6,570.2,562.1,582.0,587.2,592.9,596.0,594.5,589.4,583.6,580.6,718.2,724.0,736.1,747.4,751.4,745.6,733.4,721.1,708.4,717.2,728.3,740.3,750.7,759.2,765.1,758.9,750.1,739.3,727.7,716.6,728.6,733.7,739.2,741.8,740.0,734.9,729.5,726.9,313.1,301.6,297.8,304.0,316.6,329.2,331.8,325.6,314.9,309.8,306.7,306.4,309.7,316.1,324.6,325.1,323.8,322.2,320.5,318.2,320.3,323.1,321.4,316.2,310.6,307.8,309.5,314.6,332.1,321.3,318.1,324.6,336.8,347.7,350.8,345.3,337.5,332.3,329.2,328.9,331.8,336.8,342.7,344.3,344.1,343.0,341.6,340.4,339.7,342.6,341.2,336.3,330.8,327.9,329.3,334.2,-25.4,-23.0,-18.3,-14.1,-12.8,-15.0,-20.0,-24.2,-30.7,-28.2,-24.8,-20.8,-16.4,-12.9,-10.5,-13.6,-17.5,-21.8,-25.7,-28.7,-21.3,-19.4,-17.3,-16.2,-16.7,-18.6,-20.8,-21.9,28.8,31.0,35.5,39.7,41.1,38.9,34.4,29.8,25.2,28.4,32.5,36.9,40.8,44.0,46.3,43.9,40.5,36.5,32.2,28.2,32.6,34.5,36.6,37.5,36.9,35.0,33.0,32.0,-17.3,-21.5,-22.9,-20.6,-15.9,-11.3,-10.3,-12.6,-16.7,-18.5,-19.6,-19.7,-18.5,-16.1,-13.0,-12.8,-13.3,-13.9,-14.5,-15.4,-14.6,-13.6,-14.2,-16.1,-18.2,-19.2,-18.6,-16.7,-10.3,-14.3,-15.5,-13.1,-8.6,-4.5,-3.4,-5.4,-8.3,-10.2,-11.3,-11.5,-10.4,-8.6,-6.4,-5.8,-5.9,-6.3,-6.7,-7.2,-7.5,-6.4,-6.9,-8.7,-10.8,-11.8,-11.3,-9.5,1103.4,1104.0,1103.7,1102.6,1101.3,1100.8,1100.9,1102.1,1108.5,1106.1,1103.2,1101.5,1101.0,1101.0,1101.6,1100.7,1100.2,1100.6,1102.7,1105.8,1103.1,1102.5,1102.4,1102.7,1103.3,1103.8,1103.9,1103.6,1104.3,1106.0,1107.3,1107.4,1106.2,1104.4,1103.2,1103.2,1104.5,1103.8,1103.6,1104.2,1105.9,1108.6,1111.3,1107.9,1104.7,1102.7,1102.4,1103.2,1105.1,1105.1,1105.7,1106.5,1107.0,1107.0,1106.4,1105.6,4.9,23.8,1195.7,0.09699999999999999,0.10800000000000001,0.10400000000000001,494.5,491.3,491.8,496.7,511.0,535.3,560.8,591.5,634.3,679.9,721.0,756.9,783.5,802.0,814.6,824.9,833.0,525.6,548.0,576.7,607.1,634.5,705.5,738.3,768.5,794.0,805.9,666.3,661.4,657.2,653.4,610.0,629.3,648.8,671.0,690.7,554.1,573.8,595.0,612.5,591.8,570.6,706.5,728.6,750.2,766.7,748.8,727.6,563.7,592.1,622.8,643.2,667.4,699.1,726.4,694.0,660.3,634.5,612.0,583.9,573.4,621.5,642.5,666.8,715.2,663.8,638.7,617.0,302.5,354.0,405.4,456.4,504.0,548.3,586.3,617.2,628.9,623.1,596.1,562.5,524.4,483.8,442.7,402.0,362.1,266.4,242.6,232.2,236.1,251.1,260.4,255.8,261.4,277.1,302.3,314.3,346.5,377.9,410.4,426.1,435.1,444.9,440.5,435.3,314.2,306.7,310.0,322.7,324.6,321.9,335.2,327.9,331.1,343.0,345.6,342.7,478.1,468.2,467.6,474.7,473.4,481.1,495.9,527.0,538.9,539.3,534.4,516.1,481.6,483.3,488.0,488.1,497.6,516.7,517.9,513.2,-60.7,-62.1,-62.0,-59.9,-53.6,-43.2,-32.5,-19.7,-2.3,16.2,33.1,47.9,58.7,66.1,71.1,75.5,79.1,-46.2,-37.0,-25.3,-13.0,-2.2,25.8,38.9,51.1,61.5,66.6,10.4,8.4,6.7,5.2,-11.9,-4.2,3.4,12.2,20.0,-34.4,-26.5,-18.0,-11.0,-19.2,-27.7,26.5,35.3,43.9,50.6,43.4,34.9,-30.8,-19.1,-6.8,1.3,10.8,23.5,34.8,21.5,8.1,-2.2,-11.1,-22.4,-26.8,-7.3,1.0,10.6,30.2,9.4,-0.5,-9.1,-24.0,-2.5,19.0,40.3,59.9,77.8,92.8,104.4,108.8,106.7,96.4,83.0,67.3,50.5,33.7,17.2,0.9,-37.8,-47.1,-51.0,-49.1,-43.0,-39.2,-41.2,-39.2,-33.1,-23.1,-18.1,-5.3,7.0,19.6,26.2,29.6,33.4,31.7,29.7,-18.4,-21.3,-20.0,-14.9,-14.1,-15.2,-9.9,-12.8,-11.5,-6.8,-5.7,-6.9,47.7,43.1,42.5,45.2,44.7,48.1,54.7,66.6,70.8,70.9,69.0,62.2,49.0,48.8,50.6,50.7,55.3,62.2,62.5,60.8,1251.9,1253.8,1255.3,1254.3,1247.7,1239.2,1229.9,1217.4,1213.8,1216.8,1225.1,1230.0,1227.6,1224.1,1222.3,1225.6,1230.5,1210.0,1204.6,1196.6,1189.0,1184.1,1182.1,1187.6,1193.1,1198.6,1203.8,1185.7,1179.6,1173.7,1168.2,1188.1,1183.2,1179.1,1179.8,1182.2,1202.8,1198.9,1197.4,1196.0,1196.7,1198.1,1195.7,1196.3,1196.0,1198.5,1195.1,1194.9,1211.3,1194.8,1185.4,1183.6,1183.9,1191.6,1207.8,1196.3,1187.7,1185.9,1187.7,1196.3,1209.7,1187.9,1186.2,1186.9,1205.8,1189.6,1188.0,1190.0,2.495,0.12,0.11900000000000001,0.10300000000000001,652.643,419.452,-40.735,25.006,12.738,4.7410000000000005,2.742,-3.4160000000000004,-5.026,4.672,-12.927,6.837000000000001,-19.162,2.985,-2.949,0.027999999999999997,1.5859999999999999,-2.7769999999999997,-4.9030000000000005,-2.039,0.95,-4.024,-0.455,1.915,3.679,-2.6310000000000002,-2.458,1.212,0.22699999999999998,0.68,-0.285,0.405,0.203,-0.474,0.254,-0.17,2.5,3.16,0.0,1.1,1.38,1.83,0.0,1.65,2.31,1.32,0.0,0.0,0.26,0.15,2.84,1.0,1.18,1.0,1.0,0.0,0.0,1.0,1.0,0.0,1.0,1.0,1.0,0.0,0.0,0.0,1.0,1.0,1.0,0.0,0.0
100,3.303,0.98,0.071153,0.228954,-0.970833,-0.173099,0.187602,-0.966872,-0.053,0.212,570.7,577.6,590.7,602.2,605.5,599.4,585.5,574.0,557.2,563.9,572.9,583.6,595.5,605.3,611.9,603.3,592.4,580.7,570.3,562.2,582.1,587.3,593.1,596.2,594.8,589.6,583.8,580.7,717.8,723.5,735.9,747.5,751.7,745.9,733.6,720.9,708.2,717.1,728.2,740.2,750.7,759.4,765.6,759.2,750.2,739.2,727.6,716.5,728.6,733.8,739.3,741.8,740.0,734.8,729.3,726.8,312.5,300.9,297.0,303.2,315.7,328.4,331.1,325.0,314.4,309.4,306.1,305.7,309.0,315.3,323.8,324.4,323.1,321.5,319.8,317.7,319.7,322.4,320.7,315.6,310.0,307.2,308.9,314.1,331.5,320.6,317.4,323.8,336.0,346.9,350.0,344.6,337.0,331.7,328.6,328.4,331.3,336.4,342.3,343.8,343.3,342.2,340.9,339.8,339.1,341.9,340.5,335.7,330.3,327.4,328.8,333.7,-25.2,-22.7,-18.0,-13.7,-12.5,-14.7,-19.8,-24.0,-30.3,-27.8,-24.4,-20.5,-16.2,-12.6,-10.2,-13.3,-17.3,-21.5,-25.3,-28.4,-21.0,-19.2,-17.0,-15.9,-16.5,-18.3,-20.5,-21.6,28.3,30.5,35.1,39.3,40.8,38.6,34.1,29.5,24.9,28.1,32.1,36.5,40.4,43.7,46.1,43.6,40.2,36.1,31.9,27.9,32.3,34.2,36.2,37.2,36.5,34.7,32.6,31.7,-17.3,-21.5,-22.9,-20.7,-16.1,-11.5,-10.5,-12.7,-16.7,-18.5,-19.6,-19.7,-18.5,-16.2,-13.1,-12.9,-13.4,-14.0,-14.6,-15.4,-14.7,-13.7,-14.3,-16.2,-18.2,-19.2,-18.6,-16.7,-10.4,-14.4,-15.6,-13.2,-8.8,-4.8,-3.6,-5.6,-8.4,-10.3,-11.5,-11.5,-10.5,-8.6,-6.5,-5.9,-6.1,-6.5,-6.9,-7.3,-7.6,-6.6,-7.1,-8.9,-10.9,-11.9,-11.4,-9.6,1091.7,1092.6,1092.3,1091.0,1089.3,1088.5,1088.7,1090.1,1096.6,1094.3,1091.4,1089.8,1089.2,1089.0,1089.4,1088.5,1088.0,1088.5,1090.6,1093.8,1091.1,1090.5,1090.4,1090.8,1091.5,1092.1,1092.3,1091.8,1093.8,1095.8,1097.1,1096.9,1095.5,1093.5,1092.2,1092.4,1093.7,1093.1,1092.9,1093.4,1094.9,1097.6,1100.1,1096.7,1093.6,1091.7,1091.5,1092.3,1094.4,1094.3,1094.9,1095.8,1096.4,1096.5,1095.9,1095.0,4.9,23.5,1193.3,0.09300000000000001,0.106,0.105,494.9,491.5,491.9,496.7,511.0,535.3,560.9,591.6,634.5,680.1,721.1,756.9,783.6,802.0,814.7,825.0,833.0,525.9,548.3,576.9,607.3,634.5,705.6,738.4,768.6,794.1,806.2,666.4,661.4,657.2,653.4,609.9,629.3,648.8,671.0,690.7,554.3,574.0,595.2,612.9,592.1,570.8,706.3,728.7,750.3,766.9,748.9,727.6,563.6,592.1,622.8,643.3,667.5,699.2,726.7,694.1,660.5,634.5,612.1,583.9,573.2,621.6,642.5,667.0,715.5,663.9,638.7,617.1,301.8,353.2,404.7,455.8,503.5,547.9,585.9,616.8,628.5,622.8,595.8,562.4,524.2,483.6,442.4,401.8,361.9,265.5,242.0,231.6,235.5,250.4,259.8,255.3,261.0,276.8,302.1,313.6,345.6,376.9,409.2,425.3,434.2,443.9,439.6,434.5,313.6,306.0,309.3,322.0,323.9,321.3,334.7,327.3,330.6,342.5,345.1,342.1,477.1,467.4,466.9,474.0,472.7,480.3,495.0,525.9,537.7,538.1,533.2,514.9,480.6,482.4,487.1,487.1,496.7,515.8,516.9,512.2,-60.5,-62.0,-61.9,-59.8,-53.6,-43.2,-32.4,-19.6,-2.2,16.2,33.1,47.9,58.7,66.0,71.1,75.5,79.1,-46.0,-36.8,-25.1,-13.0,-2.2,25.8,38.9,51.1,61.5,66.6,10.4,8.4,6.7,5.2,-11.9,-4.2,3.5,12.2,20.0,-34.3,-26.3,-17.8,-10.8,-19.1,-27.6,26.4,35.3,43.9,50.6,43.3,34.8,-30.8,-19.0,-6.8,1.3,10.8,23.5,34.9,21.5,8.1,-2.2,-11.0,-22.3,-26.9,-7.3,1.0,10.6,30.3,9.5,-0.5,-9.1,-24.3,-2.8,18.7,40.0,59.6,77.5,92.5,104.0,108.4,106.4,96.2,82.9,67.1,50.4,33.5,17.1,0.8,-38.1,-47.3,-51.1,-49.2,-43.2,-39.4,-41.4,-39.3,-33.2,-23.2,-18.3,-5.7,6.6,19.1,25.8,29.2,32.9,31.2,29.3,-18.6,-21.5,-20.2,-15.1,-14.4,-15.4,-10.1,-13.0,-11.7,-7.0,-5.9,-7.1,47.2,42.7,42.1,44.9,44.4,47.7,54.3,66.0,70.2,70.2,68.4,61.6,48.5,48.4,50.2,50.2,54.8,61.6,62.0,60.2,1250.4,1252.0,1253.3,1252.2,1245.6,1237.1,1227.8,1215.1,1211.5,1214.6,1223.1,1228.3,1226.0,1222.6,1220.9,1224.3,1229.4,1208.2,1202.8,1194.7,1187.0,1182.0,1179.9,1185.6,1191.3,1197.1,1202.4,1183.6,1177.2,1171.0,1165.4,1185.6,1180.6,1176.4,1177.3,1179.8,1201.0,1197.0,1195.5,1194.0,1194.7,1196.1,1193.7,1194.4,1194.2,1196.8,1193.2,1192.9,1209.1,1192.3,1182.9,1181.1,1181.4,1189.1,1205.7,1193.7,1185.0,1183.1,1184.9,1193.7,1207.4,1185.3,1183.6,1184.3,1203.5,1187.0,1185.4,1187.3,2.5,0.11599999999999999,0.11699999999999999,0.10400000000000001,652.745,418.76800000000003,-37.986999999999995,25.1,13.607999999999999,5.564,2.449,-3.145,-5.005,4.834,-13.231,6.711,-19.180999999999997,3.054,-3.242,-0.355,1.581,-2.792,-4.902,-1.86,0.674,-4.3180000000000005,-0.42700000000000005,2.019,3.4960000000000004,-2.5540000000000003,-2.4019999999999997,1.1520000000000001,0.262,0.623,-0.317,0.34600000000000003,0.264,-0.4,0.306,-0.157,2.58,3.18,0.0,1.06,1.37,1.8,0.0,1.6,2.33,1.28,0.0,0.0,0.31,0.17,2.83,1.0,1.14,1.0,1.0,0.0,0.0,1.0,1.0,0.0,1.0,1.0,1.0,0.0,0.0,0.0,1.0,1.0,1.0,0.0,0.0
101,3.3369999999999997,0.98,0.074543,0.22723200000000002,-0.9709840000000001,-0.178894,0.184803,-0.966356,-0.054000000000000006,0.21,571.0,578.0,591.0,602.5,605.6,599.5,585.6,574.1,557.3,563.9,572.9,583.7,595.6,605.3,611.9,603.4,592.4,580.7,570.3,562.3,582.2,587.4,593.3,596.5,595.1,589.9,584.0,580.8,718.0,723.9,736.3,747.8,751.7,745.8,733.4,720.9,708.1,717.2,728.5,740.7,751.2,759.8,765.8,759.6,750.6,739.6,727.8,716.6,728.6,733.8,739.2,741.9,740.1,735.0,729.5,726.9,311.4,299.9,296.2,302.5,315.1,327.8,330.3,324.0,313.3,308.3,305.2,304.9,308.2,314.5,323.0,323.6,322.3,320.6,318.9,316.6,318.8,321.7,320.0,314.8,309.1,306.3,307.9,313.1,330.6,319.7,316.8,323.4,335.8,346.7,349.7,344.0,336.2,331.1,327.9,327.7,330.7,336.0,342.0,343.5,342.9,341.7,340.3,339.2,338.4,341.4,340.0,335.2,329.7,326.8,328.1,332.9,-25.1,-22.6,-17.8,-13.6,-12.5,-14.7,-19.7,-23.9,-30.2,-27.7,-24.4,-20.5,-16.1,-12.6,-10.2,-13.3,-17.3,-21.5,-25.3,-28.3,-21.0,-19.1,-17.0,-15.8,-16.3,-18.2,-20.4,-21.5,28.2,30.4,34.9,39.0,40.4,38.2,33.7,29.2,24.6,27.9,31.9,36.4,40.2,43.4,45.7,43.3,40.0,35.9,31.7,27.6,32.0,33.9,35.9,36.9,36.2,34.4,32.4,31.4,-17.7,-21.9,-23.2,-20.9,-16.3,-11.7,-10.8,-13.1,-17.1,-18.8,-19.9,-20.0,-18.8,-16.5,-13.4,-13.2,-13.7,-14.3,-14.9,-15.8,-15.0,-13.9,-14.5,-16.4,-18.5,-19.5,-18.9,-17.1,-10.6,-14.6,-15.7,-13.3,-8.8,-4.8,-3.7,-5.8,-8.6,-10.4,-11.6,-11.7,-10.6,-8.7,-6.5,-6.0,-6.2,-6.6,-7.1,-7.5,-7.8,-6.7,-7.2,-9.0,-11.0,-12.0,-11.5,-9.8,1091.2,1092.0,1091.7,1090.4,1088.9,1088.2,1088.4,1089.7,1096.2,1093.8,1090.9,1089.3,1088.6,1088.6,1089.0,1088.1,1087.7,1088.1,1090.3,1093.4,1090.7,1090.1,1090.0,1090.3,1091.0,1091.6,1091.7,1091.4,1083.2,1085.1,1086.4,1086.4,1085.1,1083.2,1081.9,1082.0,1083.2,1082.6,1082.4,1083.0,1084.7,1087.5,1090.3,1086.7,1083.5,1081.5,1081.1,1081.9,1083.9,1083.9,1084.5,1085.3,1085.9,1085.9,1085.3,1084.5,4.9,23.2,1192.3,0.08800000000000001,0.107,0.106,495.2,491.6,491.9,496.6,510.8,535.1,560.7,591.3,634.1,679.8,721.0,756.9,783.6,802.1,814.9,825.2,833.3,525.9,548.4,577.2,607.6,634.9,705.7,738.4,768.6,794.1,806.3,666.7,661.6,657.3,653.3,609.9,629.2,648.7,670.9,690.7,554.3,574.1,595.3,613.0,592.2,570.8,706.5,729.0,750.6,767.3,749.2,727.9,563.3,591.8,622.5,643.0,667.4,699.1,726.7,693.9,660.1,634.1,611.6,583.4,572.9,621.3,642.3,666.8,715.5,663.7,638.4,616.7,301.3,352.9,404.6,455.8,503.5,547.8,585.5,616.0,627.7,622.1,595.5,562.3,524.2,483.7,442.5,401.9,362.0,264.9,241.2,230.7,234.6,249.6,259.0,254.5,260.2,276.0,301.4,312.6,344.5,375.8,408.0,424.3,433.2,442.8,438.6,433.6,312.6,305.1,308.5,321.3,323.0,320.4,334.1,326.7,330.0,342.0,344.5,341.5,476.0,466.2,465.6,472.8,471.5,479.4,494.4,525.2,536.9,537.2,532.3,513.9,479.5,481.2,486.0,486.1,496.0,515.0,516.0,511.3,-60.3,-61.9,-61.8,-59.8,-53.6,-43.2,-32.4,-19.7,-2.4,16.1,33.0,47.8,58.6,66.0,71.1,75.6,79.2,-45.9,-36.7,-25.0,-12.8,-2.0,25.8,38.9,51.0,61.5,66.6,10.5,8.5,6.7,5.2,-11.9,-4.3,3.4,12.1,19.9,-34.3,-26.3,-17.8,-10.7,-19.0,-27.6,26.4,35.4,44.0,50.7,43.4,34.9,-30.9,-19.1,-6.9,1.2,10.8,23.4,34.8,21.4,7.9,-2.3,-11.2,-22.5,-27.0,-7.4,0.9,10.6,30.2,9.4,-0.6,-9.2,-24.5,-3.0,18.6,40.0,59.6,77.4,92.2,103.6,108.0,106.0,95.9,82.7,67.1,50.4,33.6,17.1,0.8,-38.3,-47.6,-51.5,-49.6,-43.5,-39.7,-41.7,-39.6,-33.5,-23.5,-18.7,-6.1,6.1,18.6,25.4,28.8,32.5,30.8,28.9,-18.9,-21.9,-20.5,-15.4,-14.7,-15.8,-10.3,-13.2,-11.9,-7.2,-6.2,-7.3,46.7,42.2,41.6,44.4,43.9,47.3,53.9,65.7,69.8,69.8,68.0,61.2,48.0,47.8,49.7,49.7,54.5,61.3,61.6,59.8,1249.9,1251.4,1252.6,1251.4,1244.8,1236.1,1226.6,1213.8,1210.1,1213.2,1221.8,1227.0,1224.9,1221.6,1220.0,1223.6,1228.8,1207.7,1202.3,1194.2,1186.5,1181.4,1179.4,1184.9,1190.6,1196.3,1201.5,1182.9,1176.4,1170.1,1164.4,1184.6,1179.6,1175.4,1176.2,1178.7,1200.3,1196.3,1194.7,1193.2,1193.9,1195.3,1192.9,1193.6,1193.4,1195.9,1192.3,1192.1,1208.0,1191.3,1181.7,1179.9,1180.3,1188.0,1204.4,1192.5,1183.8,1182.0,1183.8,1192.6,1206.4,1184.2,1182.5,1183.2,1202.3,1185.9,1184.3,1186.3,2.502,0.111,0.11800000000000001,0.106,652.7080000000001,418.04900000000004,-37.53,25.064,13.922,5.367000000000001,2.434,-3.201,-4.72,4.9030000000000005,-13.499,6.76,-18.917,3.145,-2.91,-0.083,1.331,-2.888,-4.899,-1.732,0.386,-4.138999999999999,-0.379,1.9240000000000002,3.485,-2.521,-2.298,0.987,0.28300000000000003,0.619,-0.361,0.361,0.21600000000000003,-0.41,0.243,-0.146,2.58,3.22,0.0,1.01,1.38,1.64,0.0,1.58,2.36,1.31,0.0,0.0,0.23,0.14,2.8,1.01,1.17,1.0,1.0,0.0,0.0,1.0,1.0,0.0,1.0,1.0,1.0,0.0,0.0,0.0,1.0,1.0,1.0,0.0,0.0
102,3.37,0.98,0.070034,0.224996,-0.9718389999999999,-0.183499,0.18474000000000002,-0.965505,-0.059000000000000004,0.20800000000000002,571.2,578.1,591.1,602.5,605.7,599.6,585.8,574.3,557.5,564.3,573.4,584.1,595.9,605.4,611.7,603.3,592.5,581.0,570.7,562.6,582.3,587.5,593.4,596.6,595.1,589.9,584.0,580.9,718.0,724.1,736.5,747.9,751.7,745.6,733.2,720.7,708.4,717.4,728.5,740.7,751.3,759.9,765.9,759.6,750.6,739.6,727.9,716.7,728.6,733.7,739.2,741.9,740.2,735.1,729.7,727.0,310.7,299.3,295.7,301.9,314.4,326.9,329.4,323.2,312.5,307.5,304.4,304.2,307.4,313.7,322.3,322.9,321.6,319.9,318.1,315.9,318.1,321.0,319.3,314.2,308.5,305.6,307.3,312.5,330.6,319.7,316.8,323.4,335.9,346.7,349.7,343.9,336.0,331.0,327.9,327.7,330.8,336.0,342.0,343.4,342.9,341.7,340.2,339.0,338.4,341.3,340.0,335.2,329.7,326.7,328.1,332.9,-25.3,-22.8,-18.0,-13.8,-12.6,-14.8,-19.9,-24.1,-30.4,-27.9,-24.5,-20.5,-16.2,-12.7,-10.4,-13.5,-17.4,-21.6,-25.5,-28.5,-21.2,-19.3,-17.1,-16.0,-16.5,-18.4,-20.6,-21.7,28.4,30.7,35.2,39.4,40.7,38.4,33.9,29.4,24.9,28.2,32.2,36.7,40.6,43.8,46.1,43.7,40.3,36.2,31.9,27.9,32.3,34.1,36.1,37.2,36.6,34.7,32.7,31.7,-18.1,-22.3,-23.7,-21.3,-16.7,-12.1,-11.2,-13.5,-17.5,-19.3,-20.4,-20.5,-19.3,-17.0,-13.9,-13.6,-14.1,-14.7,-15.4,-16.3,-15.4,-14.3,-14.9,-16.8,-18.9,-20.0,-19.4,-17.5,-10.7,-14.7,-15.8,-13.4,-8.8,-4.8,-3.7,-5.8,-8.7,-10.6,-11.7,-11.8,-10.7,-8.8,-6.6,-6.1,-6.2,-6.7,-7.2,-7.7,-7.9,-6.8,-7.3,-9.1,-11.1,-12.1,-11.7,-9.9,1103.1,1104.0,1103.8,1102.6,1101.0,1100.2,1100.2,1101.5,1107.8,1105.6,1102.8,1101.3,1100.7,1100.6,1101.1,1100.1,1099.6,1100.0,1102.0,1105.1,1102.6,1102.0,1101.9,1102.4,1103.1,1103.7,1103.8,1103.3,1092.4,1094.1,1095.4,1095.3,1094.1,1092.3,1091.1,1091.3,1092.6,1091.9,1091.7,1092.2,1093.8,1096.6,1099.2,1095.8,1092.6,1090.7,1090.4,1091.2,1093.1,1093.1,1093.6,1094.4,1095.0,1095.0,1094.4,1093.7,4.8,23.1,1193.5,0.08,0.109,0.111,495.6,491.7,491.8,496.3,510.5,534.8,560.4,590.8,633.0,678.0,718.8,754.8,782.1,801.4,814.6,825.3,833.6,526.6,549.2,577.8,607.9,634.9,706.6,739.1,769.0,794.3,806.5,666.7,661.5,657.1,653.1,609.7,628.9,648.3,670.4,690.2,554.5,574.3,595.6,613.2,592.3,571.0,706.6,729.1,750.7,767.2,749.2,728.0,562.9,591.4,622.1,642.6,667.0,698.8,726.3,693.4,659.4,633.4,610.8,582.8,572.5,620.7,641.8,666.4,715.1,663.1,637.7,616.0,301.2,352.6,404.2,455.4,503.0,547.5,585.5,616.2,628.0,622.8,596.6,563.9,526.1,485.6,443.9,402.9,362.6,263.7,240.2,229.9,233.7,248.5,258.3,254.2,260.3,276.3,301.5,312.0,343.8,374.9,407.1,423.4,432.3,441.9,437.8,433.0,311.8,304.3,307.8,320.5,322.3,319.5,333.8,326.6,330.1,342.1,344.5,341.4,475.0,465.2,464.7,471.9,470.8,478.9,494.2,525.1,536.5,536.8,531.6,513.1,478.6,480.3,485.2,485.4,495.8,514.5,515.4,510.6,-60.2,-61.9,-61.9,-60.0,-53.8,-43.3,-32.6,-19.9,-2.8,15.4,32.1,47.0,58.0,65.7,71.1,75.6,79.3,-45.7,-36.4,-24.8,-12.7,-2.0,26.2,39.2,51.3,61.6,66.7,10.5,8.4,6.7,5.1,-12.0,-4.4,3.3,11.9,19.7,-34.2,-26.2,-17.7,-10.7,-19.0,-27.5,26.5,35.5,44.1,50.8,43.5,35.0,-31.1,-19.3,-7.1,1.0,10.6,23.3,34.7,21.2,7.7,-2.6,-11.5,-22.8,-27.2,-7.6,0.7,10.4,30.1,9.1,-0.9,-9.5,-24.5,-3.1,18.5,39.8,59.4,77.3,92.2,103.7,108.2,106.3,96.4,83.4,67.8,51.2,34.1,17.5,1.1,-38.8,-48.1,-51.9,-50.0,-44.0,-40.0,-41.8,-39.6,-33.4,-23.4,-19.0,-6.4,5.8,18.3,25.1,28.5,32.1,30.5,28.7,-19.3,-22.2,-20.8,-15.7,-15.0,-16.1,-10.4,-13.3,-11.9,-7.1,-6.2,-7.4,46.4,41.8,41.3,44.0,43.6,47.1,53.9,65.7,69.7,69.7,67.8,60.9,47.8,47.5,49.4,49.5,54.5,61.1,61.4,59.6,1251.0,1252.4,1253.6,1252.3,1245.3,1236.4,1226.8,1214.2,1210.8,1213.9,1222.4,1227.6,1225.4,1222.2,1220.7,1224.3,1229.3,1209.1,1203.9,1196.0,1188.3,1183.3,1181.0,1186.5,1192.0,1197.4,1202.3,1184.4,1177.9,1171.5,1165.7,1185.8,1180.8,1176.6,1177.4,1179.8,1201.8,1197.8,1196.3,1194.7,1195.4,1196.8,1194.1,1194.9,1194.6,1197.0,1193.5,1193.3,1209.1,1192.5,1183.0,1181.1,1181.4,1189.0,1205.3,1193.5,1184.8,1183.0,1184.8,1193.7,1207.5,1185.4,1183.6,1184.3,1203.2,1186.9,1185.4,1187.4,2.499,0.10300000000000001,0.12,0.111,652.456,417.723,-39.312,24.373,14.040999999999999,5.151,2.6010000000000004,-2.8789999999999996,-4.409,5.331,-13.41,5.8870000000000005,-19.296,2.897,-2.772,-0.433,1.091,-3.165,-5.2860000000000005,-1.72,0.5539999999999999,-4.436,-0.7609999999999999,1.756,3.373,-2.3680000000000003,-2.4859999999999998,1.063,0.379,0.613,-0.307,0.396,0.221,-0.40399999999999997,0.273,-0.163,2.65,3.23,0.0,0.99,1.34,1.5,0.0,1.48,2.39,1.27,0.0,0.0,0.08,0.15,2.82,1.01,1.19,1.0,1.0,0.0,0.0,1.0,1.0,0.0,1.0,1.0,1.0,0.0,0.0,0.0,1.0,1.0,1.0,0.0,0.0
103,3.403,0.98,0.059476,0.208625,-0.9761860000000001,-0.177519,0.18233,-0.9670790000000001,-0.061,0.19899999999999998,570.5,577.6,590.8,602.5,605.8,599.5,585.5,573.8,556.9,564.3,573.8,584.5,596.1,605.5,611.6,603.3,592.8,581.3,570.8,562.4,581.3,587.0,593.3,596.8,595.2,589.6,583.2,579.8,718.2,724.2,736.5,748.0,751.9,746.0,733.6,721.1,708.6,717.5,728.7,740.8,751.2,759.6,765.6,759.4,750.6,739.7,728.1,716.9,728.9,733.9,739.4,742.0,740.3,735.2,729.8,727.1,309.8,298.8,295.5,301.7,313.9,326.0,328.1,321.9,312.2,307.4,304.3,304.1,307.3,313.4,322.0,322.6,321.4,319.6,317.8,315.7,317.7,320.7,319.1,313.9,308.0,305.0,306.6,311.8,330.6,319.7,316.8,323.5,335.9,346.8,349.7,344.0,335.9,330.9,327.9,327.8,330.8,336.0,341.9,343.4,343.0,341.8,340.3,339.0,338.4,341.4,340.1,335.3,329.8,326.9,328.2,333.0,-25.5,-22.9,-18.1,-13.7,-12.5,-14.8,-19.9,-24.2,-30.6,-27.8,-24.3,-20.3,-16.1,-12.6,-10.4,-13.4,-17.3,-21.4,-25.3,-28.5,-21.5,-19.4,-17.1,-15.9,-16.4,-18.5,-20.8,-22.1,28.5,30.7,35.3,39.5,40.8,38.6,34.1,29.5,25.0,28.2,32.3,36.7,40.6,43.7,46.0,43.6,40.3,36.3,32.0,28.0,32.4,34.2,36.2,37.2,36.6,34.8,32.8,31.8,-18.4,-22.5,-23.7,-21.4,-16.9,-12.4,-11.7,-14.0,-17.6,-19.3,-20.4,-20.5,-19.3,-17.1,-13.9,-13.7,-14.1,-14.8,-15.5,-16.3,-15.5,-14.4,-15.0,-16.9,-19.1,-20.2,-19.6,-17.7,-10.7,-14.7,-15.8,-13.4,-8.8,-4.8,-3.7,-5.8,-8.8,-10.6,-11.7,-11.7,-10.6,-8.8,-6.6,-6.1,-6.2,-6.6,-7.2,-7.6,-7.9,-6.8,-7.3,-9.0,-11.0,-12.1,-11.6,-9.9,1100.4,1102.1,1102.4,1101.1,1099.1,1097.6,1097.2,1098.4,1104.1,1102.5,1100.2,1099.2,1098.9,1098.7,1098.9,1097.8,1096.9,1096.9,1098.8,1101.6,1099.9,1099.3,1099.4,1100.2,1101.2,1101.8,1101.7,1100.9,1092.7,1094.6,1096.0,1096.0,1094.7,1092.8,1091.4,1091.5,1092.6,1092.1,1091.9,1092.5,1094.1,1096.9,1099.5,1096.1,1092.9,1090.9,1090.6,1091.3,1093.5,1093.5,1094.1,1094.9,1095.5,1095.5,1094.9,1094.0,4.8,23.0,1194.5,0.078,0.109,0.114,495.5,491.6,491.5,495.8,509.8,534.1,559.6,590.0,632.2,677.2,718.1,754.1,781.5,800.9,814.3,825.0,833.5,526.6,549.4,578.2,608.5,635.6,706.6,739.3,769.3,794.7,806.8,666.8,661.6,657.2,653.1,609.6,628.8,648.1,670.2,689.9,554.6,574.4,595.6,613.2,592.3,571.1,706.7,729.1,750.7,767.2,749.2,728.0,562.3,591.0,621.7,642.3,666.7,698.5,726.0,692.9,658.9,632.8,610.2,582.2,571.9,620.3,641.4,666.0,714.8,662.6,637.2,615.5,301.1,352.4,403.8,454.9,502.5,546.9,585.0,615.9,627.9,622.7,596.6,564.0,526.4,486.0,444.4,403.5,363.3,263.6,240.1,229.8,233.6,248.5,258.4,254.3,260.6,276.8,302.2,311.8,343.5,374.6,406.7,423.0,432.0,441.6,437.6,432.9,311.5,304.1,307.5,320.3,322.0,319.2,333.8,326.7,330.2,342.3,344.5,341.4,474.3,464.7,464.4,471.6,470.6,478.8,494.0,524.9,536.2,536.4,531.2,512.6,478.0,479.9,484.9,485.1,495.6,514.3,515.1,510.2,-60.3,-62.0,-62.1,-60.2,-54.1,-43.7,-32.9,-20.2,-3.1,15.1,31.9,46.7,57.9,65.6,71.0,75.6,79.3,-45.7,-36.4,-24.7,-12.5,-1.7,26.2,39.3,51.4,61.8,66.9,10.6,8.5,6.7,5.1,-12.0,-4.4,3.2,11.9,19.6,-34.2,-26.2,-17.7,-10.7,-19.0,-27.5,26.6,35.5,44.1,50.8,43.5,35.0,-31.3,-19.5,-7.2,0.9,10.5,23.2,34.6,21.1,7.5,-2.8,-11.8,-23.0,-27.4,-7.8,0.5,10.3,30.0,8.9,-1.1,-9.7,-24.6,-3.2,18.3,39.6,59.2,77.1,92.1,103.6,108.2,106.4,96.5,83.5,68.0,51.4,34.4,17.8,1.3,-38.9,-48.2,-52.0,-50.1,-44.0,-40.0,-41.8,-39.5,-33.3,-23.2,-19.0,-6.5,5.7,18.2,24.9,28.4,32.0,30.5,28.7,-19.4,-22.3,-20.9,-15.8,-15.2,-16.3,-10.5,-13.3,-11.9,-7.1,-6.2,-7.4,46.1,41.7,41.2,44.0,43.6,47.1,53.9,65.7,69.7,69.6,67.7,60.8,47.5,47.4,49.3,49.4,54.4,61.1,61.3,59.5,1252.0,1253.4,1254.6,1253.3,1246.2,1237.2,1227.6,1215.0,1211.6,1214.8,1223.3,1228.4,1226.2,1223.1,1221.7,1225.3,1230.3,1210.4,1205.2,1197.2,1189.5,1184.4,1182.2,1187.7,1193.2,1198.6,1203.6,1185.5,1178.9,1172.6,1166.8,1186.9,1181.8,1177.6,1178.5,1180.9,1202.8,1199.0,1197.4,1195.9,1196.6,1198.0,1195.3,1196.0,1195.8,1198.1,1194.7,1194.5,1210.2,1193.6,1184.1,1182.2,1182.6,1190.1,1206.4,1194.7,1186.0,1184.2,1186.0,1194.8,1208.6,1186.4,1184.7,1185.4,1204.3,1188.1,1186.5,1188.5,2.497,0.10099999999999999,0.12,0.114,652.242,417.57599999999996,-39.734,24.369,14.299000000000001,4.771,2.841,-2.804,-4.507,5.175,-13.007,6.095,-19.28,2.697,-2.892,-0.336,1.085,-3.103,-5.568,-1.635,0.557,-4.298,-0.8690000000000001,1.73,3.49,-2.227,-2.613,0.988,0.285,0.56,-0.28600000000000003,0.39399999999999996,0.168,-0.39,0.275,-0.203,2.63,3.21,0.0,1.02,1.32,1.55,0.0,1.48,2.42,1.29,0.0,0.0,0.0,0.13,2.83,1.0,1.23,1.0,1.0,0.0,0.0,1.0,1.0,0.0,1.0,1.0,1.0,0.0,0.0,0.0,1.0,1.0,1.0,0.0,0.0
104,3.437,0.98,0.062352,0.21565399999999998,-0.974477,-0.17408900000000002,0.17925,-0.9682780000000001,-0.057,0.201,570.8,577.8,590.9,602.5,605.7,599.5,585.6,574.0,557.1,564.2,573.5,584.3,596.0,605.5,611.7,603.4,592.8,581.2,570.8,562.5,581.9,587.2,593.3,596.6,595.1,589.7,583.6,580.4,718.1,724.2,736.6,748.1,751.9,745.9,733.5,720.9,708.2,717.2,728.5,740.7,751.1,759.6,765.7,759.4,750.5,739.5,727.8,716.6,728.7,733.9,739.4,742.0,740.3,735.2,729.7,727.0,310.0,298.8,295.2,301.5,313.9,326.3,328.7,322.4,312.1,307.3,304.2,304.0,307.2,313.5,322.0,322.6,321.3,319.5,317.7,315.5,317.7,320.6,318.9,313.7,308.0,305.1,306.7,311.9,330.5,319.7,316.8,323.5,336.0,346.8,349.7,343.9,335.9,330.9,327.9,327.9,330.9,336.2,342.2,343.6,343.0,341.7,340.2,338.9,338.4,341.4,340.1,335.3,329.8,326.8,328.1,332.9,-25.4,-22.9,-18.1,-13.8,-12.6,-14.8,-19.9,-24.2,-30.6,-27.9,-24.4,-20.5,-16.1,-12.6,-10.4,-13.4,-17.3,-21.5,-25.4,-28.5,-21.4,-19.4,-17.2,-16.0,-16.5,-18.5,-20.7,-21.9,28.3,30.6,35.1,39.3,40.7,38.4,33.8,29.3,24.7,28.0,32.1,36.5,40.4,43.5,45.8,43.4,40.1,36.0,31.8,27.7,32.2,34.1,36.1,37.1,36.5,34.6,32.6,31.6,-18.4,-22.5,-23.8,-21.5,-16.9,-12.4,-11.5,-13.8,-17.7,-19.4,-20.5,-20.6,-19.4,-17.1,-13.9,-13.7,-14.2,-14.8,-15.5,-16.4,-15.6,-14.5,-15.1,-17.0,-19.1,-20.2,-19.6,-17.7,-10.7,-14.7,-15.7,-13.3,-8.7,-4.8,-3.7,-5.8,-8.7,-10.5,-11.6,-11.6,-10.6,-8.7,-6.5,-6.0,-6.2,-6.6,-7.2,-7.6,-7.8,-6.8,-7.2,-9.0,-11.0,-12.1,-11.6,-9.8,1102.6,1103.8,1103.8,1102.6,1100.9,1099.8,1099.7,1100.9,1106.9,1104.9,1102.3,1101.0,1100.6,1100.6,1100.9,1099.9,1099.2,1099.4,1101.3,1104.3,1102.2,1101.6,1101.6,1102.2,1103.0,1103.5,1103.5,1103.0,1087.8,1089.7,1091.1,1091.1,1089.7,1087.8,1086.5,1086.6,1087.8,1087.2,1087.0,1087.6,1089.2,1092.0,1094.7,1091.2,1088.0,1086.1,1085.7,1086.5,1088.5,1088.5,1089.1,1090.0,1090.6,1090.6,1090.0,1089.1,4.7,23.0,1194.5,0.079,0.10800000000000001,0.115,495.5,491.5,491.3,495.6,509.7,534.0,559.5,589.6,631.8,676.8,717.9,754.0,781.6,801.0,814.3,825.0,833.3,526.7,549.6,578.3,608.4,635.5,706.7,739.3,769.3,794.6,806.6,666.8,661.5,657.1,652.9,609.5,628.6,648.0,670.1,689.8,554.6,574.4,595.6,613.2,592.3,571.1,706.5,729.0,750.6,767.1,749.1,727.8,562.1,590.9,621.7,642.2,666.5,698.4,726.1,692.8,658.7,632.6,610.1,582.0,571.7,620.3,641.3,665.8,714.9,662.4,637.1,615.4,301.0,352.3,403.8,454.8,502.4,546.8,584.7,615.5,627.6,622.4,596.3,563.6,526.0,485.6,444.3,403.6,363.6,263.2,240.0,229.8,233.7,248.6,258.6,254.5,260.7,276.8,302.1,311.9,343.7,374.7,406.8,423.0,432.0,441.6,437.6,432.9,311.4,304.0,307.5,320.3,321.9,319.1,333.8,326.8,330.2,342.3,344.6,341.4,473.8,464.3,464.0,471.3,470.3,478.4,493.6,524.6,536.0,536.1,530.9,512.2,477.5,479.7,484.6,484.9,495.2,513.9,514.7,509.8,-60.3,-62.0,-62.2,-60.3,-54.1,-43.7,-33.0,-20.4,-3.3,14.9,31.8,46.7,57.9,65.6,71.0,75.6,79.3,-45.7,-36.3,-24.6,-12.5,-1.8,26.3,39.3,51.4,61.8,66.9,10.6,8.5,6.7,5.0,-12.1,-4.5,3.1,11.8,19.6,-34.3,-26.2,-17.7,-10.7,-19.0,-27.5,26.5,35.5,44.1,50.8,43.4,35.0,-31.4,-19.6,-7.2,0.8,10.5,23.2,34.6,21.0,7.4,-2.9,-11.8,-23.1,-27.5,-7.8,0.5,10.2,30.1,8.9,-1.2,-9.8,-24.6,-3.2,18.3,39.6,59.2,77.0,92.0,103.5,108.1,106.3,96.4,83.4,67.9,51.2,34.3,17.8,1.5,-39.0,-48.2,-52.0,-50.1,-44.0,-40.0,-41.8,-39.5,-33.3,-23.2,-19.0,-6.4,5.7,18.2,24.9,28.3,32.0,30.5,28.7,-19.5,-22.4,-20.9,-15.8,-15.2,-16.3,-10.4,-13.3,-11.9,-7.1,-6.2,-7.4,45.9,41.5,41.1,43.9,43.5,47.0,53.7,65.5,69.6,69.5,67.6,60.6,47.3,47.3,49.2,49.3,54.3,60.9,61.2,59.4,1252.1,1253.5,1254.7,1253.3,1246.3,1237.4,1227.8,1215.2,1211.8,1214.9,1223.5,1228.6,1226.4,1223.3,1221.8,1225.5,1230.6,1210.3,1205.1,1197.1,1189.4,1184.3,1182.1,1187.6,1193.2,1198.7,1203.7,1185.4,1178.9,1172.5,1166.6,1186.8,1181.7,1177.5,1178.3,1180.8,1202.8,1198.9,1197.4,1195.8,1196.5,1197.9,1195.3,1196.0,1195.7,1198.1,1194.6,1194.4,1210.3,1193.6,1184.0,1182.1,1182.4,1190.1,1206.4,1194.6,1185.8,1184.0,1185.8,1194.8,1208.6,1186.4,1184.7,1185.4,1204.4,1187.9,1186.4,1188.4,2.497,0.102,0.12,0.114,652.146,417.43800000000005,-38.871,24.462,14.742,4.742,2.78,-2.8160000000000003,-4.565,5.157,-13.512,6.08,-19.073,2.951,-2.911,-0.42700000000000005,1.285,-3.2430000000000003,-5.42,-1.699,0.5820000000000001,-4.399,-0.721,1.6780000000000002,3.5980000000000003,-2.076,-2.487,1.037,0.307,0.621,-0.281,0.377,0.187,-0.364,0.298,-0.203,2.58,3.22,0.0,1.05,1.32,1.68,0.0,1.47,2.44,1.17,0.0,0.0,0.0,0.15,2.85,0.94,1.25,1.0,1.0,0.0,1.0,1.0,1.0,0.0,1.0,1.0,1.0,0.0,0.0,0.0,1.0,1.0,1.0,0.0,0.0
105,3.47,0.98,0.05861,0.213917,-0.975092,-0.178702,0.17587,-0.968058,-0.062,0.198,570.4,577.4,590.6,602.3,605.7,599.5,585.5,573.8,556.9,564.1,573.6,584.3,596.1,605.5,611.6,603.3,592.7,581.2,570.6,562.3,581.5,587.0,593.2,596.5,594.9,589.4,583.2,579.9,717.9,724.1,736.5,747.8,751.5,745.4,733.0,720.6,708.3,717.1,728.3,740.4,751.0,759.5,765.5,759.2,750.2,739.3,727.6,716.5,728.5,733.6,739.0,741.7,740.1,735.1,729.6,726.9,310.0,298.8,295.2,301.4,313.6,326.0,328.4,322.3,312.1,307.2,304.1,303.9,307.2,313.4,322.0,322.5,321.2,319.4,317.6,315.5,317.7,320.6,318.9,313.7,307.9,304.9,306.6,311.9,330.4,319.6,316.7,323.4,335.8,346.6,349.5,343.7,335.9,331.0,328.0,327.9,331.0,336.2,342.0,343.4,342.8,341.5,340.0,338.8,338.2,341.2,339.9,335.1,329.7,326.7,328.0,332.8,-25.5,-23.0,-18.2,-13.8,-12.6,-14.8,-19.9,-24.2,-30.6,-27.9,-24.4,-20.4,-16.1,-12.6,-10.4,-13.4,-17.3,-21.5,-25.4,-28.6,-21.5,-19.4,-17.1,-15.9,-16.5,-18.6,-20.9,-22.0,28.5,30.8,35.4,39.6,40.9,38.6,34.0,29.5,25.0,28.2,32.3,36.8,40.7,43.9,46.2,43.8,40.4,36.3,32.0,28.0,32.5,34.3,36.3,37.3,36.7,34.9,32.9,31.9,-18.3,-22.5,-23.8,-21.5,-17.0,-12.4,-11.6,-13.8,-17.6,-19.4,-20.5,-20.6,-19.4,-17.1,-13.9,-13.7,-14.2,-14.8,-15.5,-16.4,-15.5,-14.4,-15.1,-17.0,-19.1,-20.2,-19.6,-17.7,-10.8,-14.8,-15.9,-13.4,-8.9,-4.9,-3.8,-6.0,-8.8,-10.6,-11.7,-11.7,-10.6,-8.8,-6.6,-6.1,-6.3,-6.8,-7.3,-7.8,-8.0,-6.9,-7.4,-9.1,-11.1,-12.2,-11.7,-10.0,1100.5,1101.9,1102.1,1100.9,1099.0,1097.7,1097.4,1098.6,1104.5,1102.7,1100.3,1099.1,1098.8,1098.7,1098.9,1097.8,1097.1,1097.2,1099.1,1102.0,1100.0,1099.5,1099.5,1100.2,1101.1,1101.7,1101.6,1100.9,1098.9,1100.7,1101.9,1101.8,1100.5,1098.7,1097.5,1097.7,1099.1,1098.4,1098.1,1098.6,1100.2,1102.9,1105.5,1102.2,1099.0,1097.2,1096.9,1097.7,1099.6,1099.6,1100.1,1100.9,1101.4,1101.5,1100.9,1100.2,4.7,22.9,1195.4,0.077,0.109,0.11599999999999999,495.4,491.4,491.1,495.4,509.6,533.9,559.3,589.4,631.5,676.5,717.7,753.9,781.5,800.9,814.1,824.7,833.0,526.8,549.6,578.3,608.4,635.4,706.7,739.4,769.5,794.7,806.6,666.7,661.4,656.9,652.7,609.3,628.4,647.8,669.9,689.6,554.5,574.3,595.5,613.1,592.2,571.0,706.4,728.8,750.4,766.9,748.9,727.7,561.9,590.7,621.4,642.0,666.4,698.4,726.0,692.7,658.5,632.4,609.8,581.8,571.6,620.0,641.1,665.7,714.7,662.3,636.9,615.1,301.3,352.4,403.7,454.7,502.2,546.5,584.4,615.4,627.5,622.3,596.2,563.6,526.0,485.6,444.2,403.5,363.5,263.2,239.9,229.7,233.7,248.6,258.6,254.6,260.9,277.2,302.8,312.0,343.6,374.5,406.6,422.7,431.7,441.3,437.3,432.7,311.3,303.9,307.4,320.2,321.8,319.0,333.7,326.8,330.3,342.4,344.5,341.3,473.5,463.9,463.6,470.8,469.8,478.0,493.4,524.3,535.7,535.8,530.6,511.8,477.2,479.3,484.2,484.5,494.9,513.6,514.4,509.4,-60.4,-62.2,-62.3,-60.4,-54.2,-43.8,-33.1,-20.5,-3.4,14.8,31.7,46.7,57.9,65.6,71.0,75.5,79.2,-45.7,-36.3,-24.7,-12.5,-1.8,26.3,39.4,51.5,61.9,66.9,10.5,8.4,6.6,5.0,-12.2,-4.6,3.1,11.7,19.5,-34.3,-26.3,-17.8,-10.7,-19.1,-27.6,26.5,35.5,44.0,50.7,43.4,34.9,-31.5,-19.6,-7.3,0.8,10.4,23.2,34.6,21.0,7.3,-3.0,-11.9,-23.2,-27.6,-7.9,0.4,10.2,30.0,8.8,-1.2,-9.9,-24.5,-3.2,18.3,39.6,59.1,77.0,91.9,103.5,108.1,106.3,96.4,83.4,67.9,51.3,34.3,17.8,1.5,-39.1,-48.3,-52.0,-50.1,-44.0,-40.0,-41.8,-39.5,-33.1,-23.0,-19.0,-6.4,5.7,18.1,24.8,28.2,32.0,30.4,28.6,-19.5,-22.4,-21.0,-15.9,-15.3,-16.4,-10.5,-13.3,-11.9,-7.1,-6.2,-7.4,45.8,41.4,40.9,43.7,43.3,46.9,53.7,65.5,69.5,69.4,67.5,60.5,47.2,47.2,49.1,49.2,54.2,60.9,61.1,59.2,1253.1,1254.6,1255.7,1254.3,1247.2,1238.2,1228.5,1215.9,1212.5,1215.7,1224.3,1229.4,1227.2,1224.1,1222.6,1226.3,1231.3,1211.2,1206.0,1198.1,1190.5,1185.5,1183.1,1188.6,1194.2,1199.7,1204.7,1186.4,1179.8,1173.5,1167.6,1187.6,1182.6,1178.4,1179.3,1181.7,1203.8,1200.0,1198.4,1196.8,1197.5,1198.9,1196.2,1197.0,1196.7,1199.1,1195.6,1195.4,1211.2,1194.4,1184.8,1182.9,1183.2,1190.9,1207.3,1195.4,1186.6,1184.8,1186.6,1195.6,1209.6,1187.2,1185.5,1186.2,1205.3,1188.7,1187.2,1189.2,2.495,0.099,0.12,0.115,652.004,417.289,-38.91,24.628,14.823,4.372,2.576,-2.8819999999999997,-4.793,5.191,-13.42,5.882000000000001,-19.067,2.6689999999999996,-2.908,-0.5529999999999999,1.389,-3.123,-5.3839999999999995,-1.886,0.8370000000000001,-4.452,-0.888,1.757,3.688,-2.127,-2.444,1.052,0.396,0.52,-0.264,0.401,0.174,-0.325,0.316,-0.237,2.57,3.25,0.0,1.06,1.36,1.75,0.0,1.53,2.46,1.17,0.0,0.0,0.0,0.16,2.83,0.97,1.26,1.0,1.0,0.0,1.0,1.0,1.0,0.0,1.0,1.0,1.0,0.0,0.0,0.0,1.0,1.0,1.0,0.0,0.0
106,3.5039999999999996,0.98,0.053689,0.216928,-0.9747100000000001,-0.173832,0.176042,-0.9689129999999999,-0.062,0.19899999999999998,570.1,577.0,590.2,601.9,605.3,599.2,585.3,573.6,556.7,564.0,573.5,584.3,596.0,605.3,611.3,602.9,592.4,580.9,570.5,562.1,581.0,586.6,593.0,596.4,594.8,589.1,582.8,579.4,717.6,723.7,736.1,747.7,751.5,745.5,733.0,720.4,707.6,716.7,728.0,740.2,750.7,759.3,765.5,759.0,749.9,738.9,727.1,716.0,728.4,733.4,738.9,741.6,739.9,734.8,729.3,726.7,310.0,298.9,295.3,301.4,313.6,325.9,328.3,322.2,311.9,307.1,303.9,303.8,307.1,313.2,321.8,322.4,321.1,319.3,317.5,315.4,317.7,320.7,319.0,313.7,307.8,304.8,306.5,311.9,330.2,319.4,316.5,323.1,335.5,346.3,349.3,343.6,335.7,330.7,327.7,327.7,330.8,336.1,342.1,343.2,342.4,341.0,339.6,338.4,338.0,341.0,339.7,334.9,329.5,326.5,327.8,332.6,-25.7,-23.2,-18.3,-14.0,-12.7,-15.0,-20.1,-24.4,-30.7,-28.0,-24.4,-20.5,-16.1,-12.7,-10.5,-13.6,-17.4,-21.6,-25.5,-28.7,-21.7,-19.6,-17.3,-16.0,-16.6,-18.7,-21.1,-22.3,28.2,30.5,35.0,39.2,40.6,38.3,33.7,29.2,24.6,27.9,31.9,36.4,40.3,43.5,45.9,43.4,39.9,35.9,31.6,27.6,32.1,34.0,36.0,37.0,36.4,34.5,32.5,31.5,-18.4,-22.5,-23.8,-21.5,-17.0,-12.5,-11.6,-13.9,-17.7,-19.5,-20.6,-20.6,-19.4,-17.2,-14.0,-13.8,-14.3,-14.9,-15.6,-16.4,-15.5,-14.4,-15.1,-17.0,-19.2,-20.3,-19.7,-17.7,-10.8,-14.8,-15.9,-13.4,-8.9,-5.0,-3.9,-6.0,-8.8,-10.6,-11.7,-11.7,-10.6,-8.7,-6.6,-6.1,-6.4,-6.9,-7.4,-7.8,-8.0,-6.9,-7.4,-9.1,-11.1,-12.2,-11.7,-10.0,1102.7,1104.2,1104.3,1103.1,1101.2,1099.9,1099.5,1100.8,1106.6,1104.8,1102.5,1101.3,1101.0,1100.9,1101.1,1100.0,1099.2,1099.3,1101.2,1104.0,1102.2,1101.6,1101.7,1102.4,1103.3,1103.9,1103.8,1103.1,1089.9,1091.8,1093.1,1093.0,1091.6,1089.7,1088.4,1088.6,1090.0,1089.3,1089.1,1089.5,1091.1,1093.8,1096.4,1093.0,1089.9,1088.0,1087.7,1088.6,1090.5,1090.5,1091.1,1091.9,1092.5,1092.6,1092.0,1091.2,4.6,22.8,1194.6,0.077,0.10800000000000001,0.115,495.3,491.3,491.0,495.3,509.5,533.8,559.3,589.4,631.6,676.6,717.7,754.0,781.5,800.9,814.2,824.7,832.9,526.5,549.3,577.8,607.9,634.9,706.5,739.2,769.2,794.5,806.4,666.4,661.2,656.8,652.6,609.2,628.3,647.7,669.8,689.5,554.3,574.1,595.3,612.9,592.1,570.8,706.1,728.5,750.1,766.6,748.6,727.4,561.9,590.6,621.5,642.0,666.3,698.3,726.1,692.7,658.5,632.5,609.9,581.8,571.5,620.1,641.1,665.7,714.8,662.3,636.9,615.2,301.0,352.1,403.5,454.6,502.1,546.3,584.2,615.0,627.2,622.0,595.9,563.3,525.8,485.4,444.0,403.3,363.3,263.2,240.0,229.8,233.7,248.6,258.5,254.6,260.8,277.1,302.5,311.8,343.4,374.3,406.4,422.5,431.5,441.1,437.1,432.4,311.2,303.8,307.3,320.1,321.6,318.8,333.5,326.5,330.0,342.1,344.2,341.1,473.1,463.7,463.4,470.6,469.6,477.7,492.9,524.0,535.4,535.6,530.4,511.6,476.8,479.0,484.0,484.2,494.5,513.3,514.1,509.2,-60.4,-62.2,-62.3,-60.5,-54.2,-43.8,-33.0,-20.5,-3.4,14.8,31.7,46.7,57.9,65.6,71.0,75.5,79.2,-45.8,-36.5,-24.8,-12.7,-2.0,26.2,39.3,51.4,61.7,66.8,10.4,8.3,6.5,4.9,-12.2,-4.6,3.0,11.7,19.5,-34.4,-26.3,-17.8,-10.8,-19.1,-27.6,26.3,35.3,43.9,50.6,43.2,34.8,-31.5,-19.7,-7.3,0.8,10.4,23.1,34.6,21.0,7.3,-3.0,-11.9,-23.2,-27.6,-7.9,0.4,10.1,30.1,8.8,-1.2,-9.8,-24.6,-3.3,18.2,39.5,59.0,76.9,91.8,103.3,107.9,106.1,96.2,83.3,67.8,51.2,34.2,17.7,1.4,-39.1,-48.2,-52.0,-50.1,-44.0,-40.0,-41.7,-39.5,-33.1,-23.1,-19.0,-6.5,5.6,18.0,24.7,28.2,31.8,30.3,28.5,-19.6,-22.4,-21.0,-15.9,-15.3,-16.4,-10.5,-13.4,-12.0,-7.2,-6.3,-7.5,45.7,41.3,40.8,43.6,43.2,46.7,53.4,65.3,69.3,69.3,67.4,60.4,47.1,47.1,49.0,49.1,54.0,60.7,60.9,59.1,1252.5,1254.0,1255.1,1253.7,1246.7,1237.8,1228.1,1215.4,1212.0,1215.1,1223.8,1229.0,1226.9,1223.7,1222.3,1225.9,1231.0,1210.6,1205.3,1197.4,1189.7,1184.7,1182.3,1187.9,1193.6,1199.1,1204.2,1185.6,1179.0,1172.6,1166.7,1186.8,1181.8,1177.6,1178.5,1180.9,1203.1,1199.2,1197.6,1196.1,1196.7,1198.1,1195.6,1196.3,1196.1,1198.4,1194.9,1194.7,1210.6,1193.7,1184.0,1182.1,1182.4,1190.2,1206.7,1194.7,1185.8,1184.0,1185.9,1194.9,1208.9,1186.4,1184.7,1185.4,1204.7,1187.9,1186.4,1188.4,2.497,0.1,0.11900000000000001,0.114,651.899,417.088,-37.843,24.61,15.257,4.569,2.401,-2.833,-4.686,5.3020000000000005,-13.459000000000001,5.8420000000000005,-19.039,2.949,-2.7489999999999997,-0.695,1.489,-3.069,-5.296,-1.9069999999999998,0.682,-4.489,-0.7509999999999999,1.681,3.63,-2.012,-2.492,1.011,0.335,0.525,-0.251,0.369,0.185,-0.35600000000000004,0.304,-0.213,2.5,3.23,0.0,1.08,1.44,1.79,0.0,1.58,2.47,1.15,0.0,0.0,0.0,0.17,2.83,0.92,1.25,1.0,1.0,0.0,1.0,1.0,1.0,0.0,1.0,1.0,1.0,0.0,0.0,0.0,1.0,1.0,1.0,0.0,0.0
107,3.537,0.98,0.065354,0.216714,-0.974045,-0.17213599999999998,0.177043,-0.969033,-0.055,0.2,570.7,577.7,590.8,602.2,605.3,599.1,585.3,573.9,557.1,564.0,573.2,583.9,595.6,605.2,611.5,603.1,592.3,580.8,570.4,562.3,581.8,587.0,593.0,596.3,594.8,589.6,583.6,580.3,717.5,723.6,736.0,747.5,751.3,745.3,732.9,720.4,707.6,716.6,727.9,740.1,750.5,759.0,765.0,758.7,749.7,738.8,727.1,716.0,728.2,733.3,738.8,741.4,739.7,734.6,729.2,726.5,309.8,298.6,295.0,301.2,313.6,326.0,328.4,322.2,311.8,306.9,303.9,303.6,306.9,313.2,321.7,322.3,320.9,319.2,317.4,315.2,317.3,320.2,318.6,313.4,307.7,304.8,306.5,311.6,330.1,319.2,316.3,322.9,335.4,346.3,349.2,343.5,335.7,330.6,327.6,327.5,330.6,335.8,341.7,342.9,342.3,341.0,339.6,338.4,337.9,340.8,339.5,334.8,329.3,326.3,327.6,332.4,-25.4,-22.9,-18.1,-13.9,-12.7,-15.0,-20.0,-24.3,-30.6,-28.0,-24.5,-20.6,-16.3,-12.8,-10.4,-13.5,-17.5,-21.7,-25.5,-28.6,-21.4,-19.4,-17.2,-16.1,-16.6,-18.5,-20.7,-21.9,28.3,30.5,35.1,39.3,40.6,38.4,33.8,29.3,24.6,27.9,32.0,36.4,40.3,43.5,45.8,43.4,40.0,35.9,31.7,27.7,32.2,34.0,36.0,37.0,36.4,34.6,32.6,31.6,-18.4,-22.6,-23.9,-21.6,-17.0,-12.5,-11.6,-13.9,-17.8,-19.5,-20.6,-20.7,-19.5,-17.2,-14.0,-13.8,-14.3,-14.9,-15.6,-16.5,-15.7,-14.6,-15.2,-17.1,-19.2,-20.3,-19.7,-17.8,-10.9,-14.9,-16.0,-13.5,-9.0,-5.0,-3.9,-6.0,-8.9,-10.7,-11.8,-11.8,-10.7,-8.8,-6.7,-6.2,-6.5,-6.9,-7.4,-7.9,-8.1,-7.0,-7.5,-9.2,-11.2,-12.3,-11.8,-10.1,1102.2,1103.3,1103.2,1101.9,1100.2,1099.2,1099.2,1100.5,1106.8,1104.6,1101.9,1100.5,1099.9,1099.9,1100.3,1099.3,1098.7,1099.0,1101.0,1104.1,1101.7,1101.1,1101.1,1101.6,1102.3,1102.9,1103.0,1102.5,1093.1,1095.0,1096.3,1096.3,1095.0,1093.1,1091.7,1091.9,1093.1,1092.5,1092.2,1092.7,1094.4,1097.1,1099.8,1096.4,1093.2,1091.3,1091.0,1091.8,1093.8,1093.8,1094.4,1095.2,1095.8,1095.8,1095.2,1094.4,4.6,22.8,1195.4,0.076,0.107,0.114,495.1,491.2,491.0,495.3,509.5,533.8,559.2,589.3,631.5,676.5,717.8,754.1,781.7,801.0,814.2,824.6,832.8,526.3,549.0,577.7,607.9,634.8,705.9,738.6,768.7,794.1,806.1,666.3,661.1,656.7,652.6,609.2,628.4,647.7,669.8,689.5,554.3,574.1,595.3,612.9,592.0,570.8,706.0,728.4,749.9,766.4,748.4,727.2,562.0,590.7,621.6,642.1,666.6,698.5,726.1,692.9,658.8,632.7,610.1,582.0,571.6,620.2,641.2,665.9,714.9,662.5,637.1,615.3,301.2,352.2,403.5,454.4,501.9,546.1,584.1,615.1,627.3,622.2,596.0,563.3,525.7,485.3,443.8,403.1,363.2,263.2,240.0,229.9,233.9,249.0,258.9,254.7,260.7,276.8,302.2,311.9,343.4,374.2,406.1,422.3,431.2,440.9,436.8,432.1,311.1,303.8,307.2,319.9,321.5,318.7,333.4,326.4,329.8,341.8,344.0,340.9,473.0,463.4,463.1,470.3,469.3,477.4,492.6,523.6,535.0,535.2,530.0,511.2,476.6,478.7,483.6,483.8,494.2,513.1,513.9,509.0,-60.6,-62.3,-62.4,-60.5,-54.3,-43.8,-33.1,-20.5,-3.5,14.8,31.7,46.8,58.0,65.7,71.0,75.5,79.1,-45.9,-36.6,-24.9,-12.7,-2.0,26.0,39.1,51.2,61.6,66.7,10.4,8.3,6.5,4.9,-12.2,-4.6,3.0,11.7,19.5,-34.4,-26.4,-17.9,-10.8,-19.2,-27.7,26.3,35.3,43.9,50.5,43.2,34.8,-31.5,-19.6,-7.3,0.8,10.5,23.2,34.7,21.1,7.4,-2.9,-11.8,-23.1,-27.6,-7.9,0.5,10.2,30.1,8.9,-1.2,-9.8,-24.6,-3.2,18.2,39.5,59.0,76.8,91.8,103.4,108.1,106.3,96.3,83.3,67.8,51.1,34.2,17.6,1.3,-39.1,-48.3,-52.0,-50.0,-43.9,-39.9,-41.7,-39.5,-33.3,-23.2,-19.0,-6.5,5.5,17.9,24.7,28.1,31.8,30.2,28.4,-19.6,-22.5,-21.1,-16.0,-15.4,-16.5,-10.6,-13.4,-12.0,-7.3,-6.4,-7.6,45.6,41.2,40.7,43.5,43.1,46.6,53.4,65.2,69.2,69.2,67.2,60.3,47.0,47.0,48.9,49.0,53.9,60.6,60.9,59.1,1253.4,1254.8,1255.9,1254.5,1247.5,1238.5,1228.8,1216.1,1212.6,1215.7,1224.4,1229.7,1227.6,1224.5,1223.1,1226.8,1231.8,1211.5,1206.2,1198.3,1190.6,1185.6,1183.2,1188.8,1194.4,1200.0,1205.2,1186.5,1179.9,1173.5,1167.6,1187.7,1182.7,1178.4,1179.3,1181.8,1204.0,1200.1,1198.6,1197.0,1197.7,1199.0,1196.5,1197.3,1197.0,1199.4,1195.9,1195.6,1211.3,1194.4,1184.8,1182.9,1183.3,1191.0,1207.5,1195.5,1186.6,1184.8,1186.6,1195.6,1209.6,1187.2,1185.5,1186.2,1205.4,1188.8,1187.2,1189.2,2.495,0.099,0.11900000000000001,0.113,651.872,416.94199999999995,-37.848,24.459,15.302999999999999,4.382,2.141,-2.8,-4.5569999999999995,5.372000000000001,-13.219000000000001,5.796,-18.994,2.8510000000000004,-3.1460000000000004,-0.48200000000000004,1.598,-3.282,-5.3839999999999995,-1.985,0.657,-4.416,-0.8740000000000001,1.626,3.6519999999999997,-2.094,-2.279,1.0490000000000002,0.366,0.616,-0.248,0.39299999999999996,0.17,-0.382,0.294,-0.223,2.49,3.13,0.0,1.11,1.48,1.77,0.0,1.59,2.55,1.25,0.0,0.0,0.0,0.16,2.86,0.87,1.24,1.0,1.0,0.0,1.0,1.0,1.0,0.0,1.0,1.0,1.0,0.0,0.0,0.0,1.0,1.0,1.0,0.0,0.0
108,3.57,0.98,0.063082,0.21715900000000002,-0.974096,-0.171949,0.182578,-0.968039,-0.055999999999999994,0.203,570.8,577.7,590.7,602.1,605.2,599.0,585.2,573.9,557.1,564.0,573.2,583.9,595.6,605.1,611.5,603.0,592.3,580.8,570.4,562.3,581.8,587.0,592.9,596.1,594.7,589.5,583.6,580.4,717.7,723.7,735.9,747.3,751.1,745.1,732.9,720.4,707.6,716.7,728.0,740.1,750.5,758.9,764.8,758.6,749.7,738.7,727.1,716.0,728.3,733.2,738.6,741.2,739.6,734.6,729.2,726.6,309.8,298.6,295.1,301.3,313.6,326.0,328.4,322.2,311.9,307.0,303.9,303.6,307.0,313.3,321.8,322.3,321.0,319.3,317.5,315.3,317.3,320.2,318.6,313.4,307.8,304.9,306.5,311.7,330.1,319.2,316.2,322.9,335.4,346.3,349.3,343.5,335.4,330.5,327.5,327.4,330.5,335.7,341.5,342.8,342.2,340.8,339.4,338.2,337.8,340.8,339.5,334.7,329.3,326.3,327.6,332.4,-25.5,-23.0,-18.2,-14.0,-12.8,-15.1,-20.1,-24.3,-30.7,-28.0,-24.6,-20.6,-16.3,-12.8,-10.5,-13.6,-17.5,-21.7,-25.6,-28.7,-21.4,-19.5,-17.3,-16.2,-16.7,-18.6,-20.8,-22.0,28.4,30.6,35.2,39.3,40.7,38.4,33.9,29.4,24.7,28.0,32.1,36.6,40.4,43.6,45.9,43.5,40.1,36.0,31.8,27.7,32.3,34.1,36.1,37.1,36.5,34.6,32.7,31.7,-18.5,-22.6,-23.9,-21.6,-17.0,-12.5,-11.6,-13.9,-17.8,-19.6,-20.7,-20.7,-19.5,-17.2,-14.1,-13.8,-14.3,-15.0,-15.7,-16.5,-15.7,-14.7,-15.2,-17.1,-19.2,-20.3,-19.7,-17.8,-10.9,-14.9,-16.0,-13.6,-9.0,-5.0,-3.9,-6.0,-9.0,-10.8,-11.9,-11.9,-10.8,-8.9,-6.8,-6.3,-6.5,-7.0,-7.5,-8.0,-8.1,-7.0,-7.5,-9.3,-11.3,-12.3,-11.8,-10.1,1104.8,1105.9,1105.8,1104.5,1102.8,1101.9,1101.8,1103.1,1109.4,1107.2,1104.5,1103.0,1102.5,1102.5,1102.9,1101.9,1101.3,1101.6,1103.6,1106.7,1104.3,1103.7,1103.7,1104.2,1104.9,1105.5,1105.6,1105.1,1096.1,1097.8,1099.2,1099.3,1098.1,1096.3,1095.0,1095.0,1096.2,1095.5,1095.2,1095.8,1097.5,1100.4,1103.2,1099.7,1096.5,1094.5,1094.1,1094.9,1096.9,1096.9,1097.5,1098.3,1098.8,1098.8,1098.2,1097.4,4.6,22.8,1195.3,0.077,0.10800000000000001,0.113,495.1,491.3,491.1,495.5,509.7,534.1,559.6,589.6,631.7,676.8,718.0,754.3,781.8,801.1,814.2,824.7,832.9,526.0,548.7,577.4,607.5,634.6,706.0,738.7,768.8,794.2,806.2,666.2,661.0,656.6,652.5,609.1,628.3,647.7,669.9,689.6,554.3,574.1,595.3,612.9,592.0,570.8,705.9,728.3,749.8,766.4,748.3,727.2,562.0,590.7,621.5,642.1,666.7,698.7,726.4,693.2,659.1,632.8,610.1,582.0,571.6,620.2,641.3,666.1,715.1,662.8,637.2,615.4,300.5,351.8,403.5,454.6,502.3,546.6,584.5,615.3,627.4,622.2,595.9,563.2,525.5,485.0,443.5,402.7,362.6,263.8,240.5,230.2,234.2,249.2,259.0,254.9,261.0,277.1,302.6,311.9,343.4,374.3,406.2,422.3,431.3,440.9,436.8,432.0,311.1,303.8,307.3,320.0,321.5,318.7,333.3,326.3,329.7,341.7,343.8,340.7,472.9,463.3,463.0,470.2,469.2,477.2,492.3,523.3,534.8,535.0,529.9,511.1,476.5,478.6,483.5,483.7,493.9,512.8,513.7,508.8,-60.5,-62.2,-62.3,-60.4,-54.2,-43.7,-32.9,-20.4,-3.3,14.9,31.8,46.8,58.0,65.7,71.0,75.5,79.2,-46.0,-36.7,-25.0,-12.9,-2.1,26.0,39.1,51.3,61.7,66.8,10.4,8.3,6.5,4.9,-12.2,-4.6,3.0,11.7,19.5,-34.4,-26.3,-17.9,-10.8,-19.2,-27.7,26.3,35.2,43.8,50.5,43.2,34.7,-31.5,-19.6,-7.3,0.8,10.5,23.3,34.8,21.2,7.5,-2.9,-11.8,-23.1,-27.6,-7.8,0.5,10.3,30.2,9.0,-1.1,-9.8,-24.9,-3.4,18.2,39.6,59.2,77.0,92.0,103.5,108.1,106.3,96.3,83.3,67.7,51.0,34.0,17.4,1.1,-38.8,-48.1,-51.8,-49.9,-43.8,-39.8,-41.6,-39.4,-33.1,-23.1,-19.0,-6.5,5.6,18.0,24.7,28.1,31.8,30.2,28.4,-19.6,-22.5,-21.1,-16.0,-15.4,-16.5,-10.6,-13.5,-12.1,-7.3,-6.4,-7.7,45.6,41.1,40.7,43.5,43.1,46.5,53.2,65.1,69.1,69.1,67.2,60.2,47.0,46.9,48.8,48.9,53.8,60.5,60.8,59.0,1253.4,1254.9,1256.0,1254.6,1247.5,1238.6,1228.9,1216.1,1212.6,1215.7,1224.4,1229.6,1227.5,1224.4,1222.9,1226.5,1231.6,1211.4,1206.1,1198.1,1190.5,1185.4,1183.1,1188.7,1194.3,1199.9,1205.0,1186.4,1179.8,1173.3,1167.5,1187.6,1182.5,1178.2,1179.1,1181.6,1203.7,1199.8,1198.3,1196.8,1197.4,1198.8,1196.4,1197.1,1196.8,1199.1,1195.7,1195.4,1211.3,1194.3,1184.7,1182.8,1183.2,1190.9,1207.4,1195.4,1186.5,1184.7,1186.5,1195.6,1209.6,1187.1,1185.4,1186.1,1205.3,1188.6,1187.1,1189.1,2.495,0.1,0.12,0.11199999999999999,651.927,416.923,-37.619,24.866,15.620999999999999,4.167,1.955,-2.585,-4.601,5.051,-13.088,5.407,-19.188,3.127,-2.9189999999999996,-0.287,1.7180000000000002,-3.0789999999999997,-5.412999999999999,-1.986,0.708,-4.4719999999999995,-0.767,1.594,3.563,-2.106,-2.249,1.004,0.325,0.534,-0.225,0.4,0.149,-0.40700000000000003,0.295,-0.228,2.41,3.02,0.0,1.09,1.55,1.8,0.0,1.65,2.59,1.25,0.0,0.0,0.0,0.14,2.88,0.8,1.24,1.0,1.0,0.0,1.0,1.0,1.0,0.0,1.0,1.0,1.0,0.0,0.0,0.0,1.0,1.0,1.0,0.0,0.0
109,3.6039999999999996,0.98,0.065457,0.21970399999999998,-0.973368,-0.17606,0.182702,-0.967276,-0.057,0.204,570.8,577.8,590.8,602.3,605.4,599.2,585.3,573.9,557.2,564.1,573.3,584.0,595.7,605.3,611.7,603.2,592.4,580.9,570.4,562.3,581.9,587.1,593.0,596.2,594.8,589.6,583.7,580.5,717.6,723.6,735.9,747.3,751.1,745.1,732.8,720.3,707.9,716.9,728.0,740.1,750.5,759.0,765.2,758.7,749.7,738.7,727.1,716.1,728.2,733.2,738.7,741.3,739.6,734.6,729.2,726.5,310.0,298.7,295.1,301.4,313.7,326.1,328.6,322.4,311.9,307.1,303.9,303.7,307.0,313.3,321.8,322.4,321.1,319.4,317.6,315.4,317.5,320.3,318.7,313.6,307.9,305.1,306.7,311.8,330.2,319.4,316.4,323.0,335.3,346.1,349.1,343.4,335.4,330.4,327.5,327.4,330.4,335.7,341.5,342.7,342.1,340.8,339.4,338.2,337.9,340.8,339.5,334.7,329.3,326.4,327.7,332.5,-25.4,-22.8,-18.1,-13.8,-12.7,-14.9,-20.0,-24.2,-30.5,-27.9,-24.5,-20.5,-16.2,-12.7,-10.4,-13.5,-17.4,-21.6,-25.5,-28.6,-21.3,-19.4,-17.2,-16.1,-16.6,-18.5,-20.7,-21.8,28.5,30.8,35.3,39.5,40.9,38.6,34.0,29.5,24.9,28.2,32.3,36.7,40.6,43.9,46.3,43.7,40.3,36.2,31.9,27.9,32.4,34.3,36.3,37.3,36.7,34.8,32.8,31.8,-18.3,-22.5,-23.8,-21.5,-16.9,-12.4,-11.5,-13.8,-17.7,-19.5,-20.6,-20.6,-19.4,-17.1,-14.0,-13.8,-14.2,-14.9,-15.6,-16.4,-15.6,-14.6,-15.1,-17.0,-19.1,-20.2,-19.6,-17.7,-11.0,-14.9,-16.0,-13.6,-9.1,-5.1,-4.0,-6.1,-9.0,-10.9,-11.9,-12.0,-10.9,-9.0,-6.8,-6.4,-6.6,-7.1,-7.6,-8.0,-8.1,-7.1,-7.5,-9.3,-11.3,-12.4,-11.9,-10.1,1100.8,1101.9,1101.7,1100.4,1098.7,1097.7,1097.8,1099.1,1105.4,1103.2,1100.5,1099.0,1098.5,1098.4,1098.7,1097.8,1097.2,1097.5,1099.6,1102.6,1100.3,1099.7,1099.6,1100.1,1100.9,1101.5,1101.5,1101.0,1102.1,1104.0,1105.2,1105.1,1103.7,1101.9,1100.6,1100.9,1102.2,1101.5,1101.3,1101.7,1103.3,1106.0,1108.6,1105.2,1102.0,1100.2,1099.9,1100.8,1102.8,1102.7,1103.3,1104.1,1104.7,1104.7,1104.2,1103.4,4.7,22.8,1195.4,0.077,0.106,0.113,495.3,491.4,491.3,495.6,509.9,534.3,559.7,589.8,631.9,676.9,718.0,754.3,781.8,801.1,814.4,824.8,832.9,525.9,548.6,577.2,607.3,634.2,706.2,738.8,768.8,794.2,806.3,666.3,661.1,656.7,652.7,609.2,628.4,647.8,670.1,689.9,554.4,574.2,595.4,613.0,592.1,570.9,706.0,728.5,749.9,766.5,748.5,727.3,562.2,590.9,621.7,642.4,667.1,698.9,726.4,693.4,659.5,633.1,610.4,582.2,571.8,620.3,641.5,666.5,715.2,663.2,637.5,615.6,300.5,351.8,403.4,454.6,502.3,546.6,584.7,615.5,627.5,622.2,595.9,563.1,525.4,484.9,443.4,402.5,362.4,263.8,240.8,230.7,234.8,249.7,259.6,255.6,261.5,277.3,302.5,312.1,343.6,374.4,406.3,422.3,431.3,440.9,436.8,432.0,311.2,303.9,307.3,320.0,321.5,318.8,333.3,326.3,329.7,341.6,343.8,340.7,472.9,463.3,463.1,470.3,469.2,477.1,492.2,522.9,534.5,534.7,529.6,510.9,476.5,478.5,483.4,483.6,493.7,512.7,513.6,508.7,-60.5,-62.1,-62.3,-60.4,-54.1,-43.7,-32.9,-20.4,-3.3,14.9,31.9,46.9,58.0,65.8,71.1,75.6,79.2,-46.1,-36.7,-25.1,-13.0,-2.3,26.1,39.2,51.3,61.7,66.8,10.4,8.3,6.5,4.9,-12.2,-4.6,3.1,11.8,19.6,-34.4,-26.3,-17.8,-10.8,-19.1,-27.6,26.3,35.3,43.9,50.6,43.2,34.8,-31.4,-19.6,-7.2,0.9,10.7,23.4,34.8,21.3,7.7,-2.7,-11.7,-23.0,-27.5,-7.8,0.6,10.5,30.2,9.2,-1.0,-9.7,-24.8,-3.4,18.2,39.5,59.2,77.1,92.1,103.6,108.2,106.3,96.3,83.3,67.7,51.0,34.0,17.4,1.0,-38.8,-47.9,-51.6,-49.7,-43.6,-39.6,-41.4,-39.2,-33.1,-23.1,-18.9,-6.5,5.6,18.0,24.6,28.1,31.8,30.2,28.4,-19.6,-22.4,-21.0,-15.9,-15.4,-16.5,-10.6,-13.5,-12.1,-7.3,-6.5,-7.7,45.6,41.1,40.7,43.5,43.1,46.5,53.2,64.9,69.0,69.0,67.1,60.1,47.0,46.9,48.8,48.9,53.7,60.5,60.8,59.0,1253.6,1255.0,1256.1,1254.7,1247.8,1239.0,1229.3,1216.5,1212.9,1216.0,1224.7,1230.0,1228.0,1224.9,1223.5,1227.1,1232.2,1211.6,1206.2,1198.2,1190.6,1185.7,1183.4,1189.0,1194.7,1200.3,1205.6,1186.5,1179.9,1173.4,1167.4,1187.7,1182.6,1178.3,1179.2,1181.8,1203.9,1200.0,1198.5,1197.0,1197.6,1198.9,1196.7,1197.4,1197.2,1199.6,1196.0,1195.8,1211.4,1194.4,1184.9,1183.0,1183.3,1191.2,1207.7,1195.6,1186.6,1184.8,1186.7,1195.7,1209.7,1187.2,1185.5,1186.2,1205.6,1188.8,1187.2,1189.3,2.495,0.1,0.11699999999999999,0.11199999999999999,652.0459999999999,416.945,-36.853,24.826999999999998,15.905999999999999,4.383,1.709,-2.48,-4.728,5.09,-12.865,5.18,-18.91,3.511,-2.8930000000000002,-0.303,1.9480000000000002,-3.116,-5.47,-1.9869999999999999,0.517,-4.611000000000001,-0.909,1.655,3.346,-2.279,-2.099,1.037,0.34299999999999997,0.501,-0.233,0.376,0.155,-0.391,0.301,-0.221,2.45,2.99,0.0,1.01,1.53,1.76,0.0,1.64,2.6,1.24,0.0,0.0,0.0,0.14,2.88,0.88,1.24,1.0,1.0,0.0,1.0,1.0,1.0,0.0,1.0,1.0,1.0,0.0,0.0,0.0,1.0,1.0,1.0,0.0,0.0
110,3.637,0.98,0.06841599999999999,0.21752,-0.9736549999999999,-0.178846,0.179917,-0.9672870000000001,-0.057,0.20199999999999999,571.0,578.0,591.0,602.4,605.5,599.3,585.5,574.1,557.6,564.3,573.3,583.9,595.7,605.3,611.6,603.1,592.4,580.9,570.6,562.6,582.1,587.3,593.3,596.5,595.1,589.8,583.9,580.7,717.7,723.8,736.1,747.5,751.3,745.2,732.9,720.4,708.0,717.0,728.1,740.3,750.8,759.3,765.4,759.0,750.0,739.1,727.4,716.3,728.4,733.4,738.7,741.4,739.7,734.8,729.4,726.8,310.1,298.8,295.2,301.4,313.8,326.3,328.8,322.6,312.1,307.2,304.1,303.9,307.2,313.5,322.0,322.5,321.2,319.5,317.7,315.5,317.6,320.5,318.8,313.6,307.9,305.0,306.7,311.9,330.2,319.4,316.4,323.0,335.4,346.2,349.2,343.5,335.5,330.5,327.6,327.5,330.5,335.7,341.6,342.9,342.2,340.9,339.5,338.3,337.9,340.8,339.5,334.7,329.4,326.5,327.8,332.5,-25.3,-22.8,-18.0,-13.8,-12.7,-14.9,-20.0,-24.2,-30.4,-27.9,-24.5,-20.6,-16.2,-12.7,-10.4,-13.5,-17.4,-21.7,-25.5,-28.5,-21.3,-19.3,-17.2,-16.0,-16.5,-18.4,-20.6,-21.8,28.5,30.7,35.3,39.5,40.8,38.5,34.0,29.4,24.9,28.2,32.3,36.7,40.6,43.9,46.2,43.7,40.3,36.2,32.0,27.9,32.4,34.2,36.2,37.2,36.6,34.8,32.8,31.8,-18.3,-22.5,-23.8,-21.5,-16.9,-12.3,-11.4,-13.7,-17.7,-19.5,-20.5,-20.6,-19.4,-17.1,-14.0,-13.7,-14.2,-14.8,-15.5,-16.4,-15.6,-14.5,-15.1,-17.0,-19.1,-20.2,-19.6,-17.7,-10.9,-14.9,-16.0,-13.6,-9.0,-5.0,-3.9,-6.0,-9.0,-10.8,-11.9,-11.9,-10.8,-8.9,-6.8,-6.3,-6.5,-7.0,-7.5,-7.9,-8.1,-7.1,-7.5,-9.3,-11.2,-12.3,-11.8,-10.1,1102.4,1103.4,1103.1,1101.8,1100.2,1099.4,1099.5,1100.8,1107.2,1105.0,1102.1,1100.6,1100.0,1099.9,1100.3,1099.4,1098.9,1099.3,1101.4,1104.5,1101.9,1101.3,1101.2,1101.6,1102.3,1103.0,1103.1,1102.6,1099.2,1101.0,1102.2,1102.1,1100.8,1099.1,1097.8,1098.0,1099.3,1098.6,1098.3,1098.8,1100.4,1103.1,1105.8,1102.4,1099.3,1097.4,1097.1,1097.9,1099.9,1099.9,1100.4,1101.2,1101.7,1101.7,1101.2,1100.4,4.8,22.8,1196.5,0.076,0.106,0.11199999999999999,495.2,491.5,491.4,495.8,510.1,534.6,560.1,590.1,632.1,677.2,718.4,754.7,782.1,801.3,814.3,824.6,832.6,525.7,548.4,577.1,607.2,634.3,706.4,739.0,768.9,794.2,806.3,666.5,661.4,657.1,653.1,609.7,628.9,648.2,670.4,690.1,554.5,574.3,595.5,613.1,592.2,571.0,706.3,728.7,750.2,766.7,748.7,727.5,562.5,591.2,622.2,642.8,667.4,699.3,726.9,693.8,659.8,633.5,610.9,582.6,572.1,620.8,642.0,666.8,715.7,663.5,637.9,616.1,300.4,352.0,403.8,455.0,502.8,547.0,584.8,615.6,627.6,622.4,596.1,563.3,525.5,484.8,443.3,402.4,362.3,264.4,241.2,231.1,235.2,250.1,260.0,255.9,261.8,277.5,302.6,312.2,343.6,374.3,406.1,422.4,431.3,440.9,436.7,431.9,311.4,304.1,307.5,320.2,321.7,319.0,333.5,326.4,329.8,341.7,343.9,340.8,472.9,463.4,463.2,470.4,469.3,477.1,492.1,523.0,534.5,534.8,529.7,511.1,476.6,478.6,483.5,483.7,493.7,512.7,513.6,508.8,-60.5,-62.2,-62.3,-60.4,-54.1,-43.5,-32.8,-20.2,-3.2,15.1,32.0,47.0,58.2,65.9,71.1,75.5,79.2,-46.2,-36.9,-25.1,-13.0,-2.2,26.2,39.3,51.4,61.8,66.9,10.5,8.4,6.7,5.1,-12.0,-4.4,3.2,11.9,19.7,-34.3,-26.3,-17.8,-10.7,-19.1,-27.6,26.5,35.4,44.0,50.7,43.4,34.9,-31.3,-19.4,-7.1,1.1,10.8,23.6,35.0,21.5,7.8,-2.6,-11.5,-22.9,-27.4,-7.6,0.8,10.6,30.4,9.3,-0.8,-9.5,-24.9,-3.4,18.3,39.8,59.4,77.3,92.2,103.7,108.3,106.4,96.5,83.4,67.8,51.0,34.0,17.4,1.0,-38.7,-47.8,-51.5,-49.6,-43.5,-39.5,-41.3,-39.2,-33.0,-23.1,-18.9,-6.5,5.6,18.0,24.7,28.1,31.8,30.2,28.4,-19.5,-22.4,-21.0,-15.9,-15.3,-16.4,-10.6,-13.4,-12.1,-7.3,-6.4,-7.7,45.6,41.2,40.8,43.6,43.1,46.6,53.2,65.0,69.1,69.1,67.2,60.3,47.1,47.0,48.9,48.9,53.8,60.6,60.9,59.0,1254.6,1256.1,1257.2,1255.7,1248.7,1239.8,1230.1,1217.3,1213.8,1216.9,1225.6,1231.0,1228.9,1225.7,1224.2,1227.8,1233.0,1212.7,1207.3,1199.4,1191.9,1186.8,1184.6,1190.3,1195.9,1201.5,1206.7,1187.7,1181.0,1174.5,1168.5,1188.8,1183.7,1179.4,1180.3,1182.8,1205.0,1201.1,1199.6,1198.2,1198.7,1200.0,1197.9,1198.6,1198.4,1200.7,1197.2,1197.0,1212.5,1195.6,1185.9,1184.1,1184.5,1192.3,1208.8,1196.7,1187.7,1185.8,1187.6,1196.7,1210.8,1188.3,1186.6,1187.4,1206.7,1189.8,1188.2,1190.3,2.492,0.099,0.11699999999999999,0.111,652.284,417.07099999999997,-37.403,25.156,15.885,4.093999999999999,1.61,-2.381,-5.0569999999999995,5.122999999999999,-12.482999999999999,4.897,-19.082,3.512,-3.002,-0.32799999999999996,1.716,-3.196,-5.4510000000000005,-1.993,0.447,-4.489,-0.733,1.5319999999999998,3.397,-2.032,-2.017,1.014,0.281,0.557,-0.24100000000000002,0.424,0.159,-0.465,0.293,-0.20800000000000002,2.38,2.94,0.0,0.91,1.56,1.82,0.0,1.64,2.56,1.27,0.0,0.0,0.0,0.15,2.87,0.89,1.22,1.0,1.0,0.0,1.0,1.0,1.0,0.0,1.0,1.0,1.0,0.0,0.0,0.0,1.0,1.0,1.0,0.0,0.0
111,3.67,0.98,0.072145,0.216081,-0.973706,-0.176953,0.178902,-0.967823,-0.054000000000000006,0.201,571.1,578.1,591.1,602.5,605.6,599.5,585.7,574.2,557.7,564.4,573.4,584.0,595.8,605.4,611.8,603.2,592.3,580.8,570.5,562.6,582.3,587.5,593.4,596.6,595.1,590.0,584.1,580.9,717.8,723.8,736.1,747.5,751.3,745.2,732.9,720.5,708.2,717.0,728.0,740.2,750.8,759.3,765.3,759.0,750.0,739.1,727.5,716.4,728.4,733.4,738.8,741.4,739.8,734.8,729.4,726.8,310.4,299.0,295.3,301.4,313.9,326.5,329.1,322.9,312.2,307.3,304.2,304.0,307.3,313.7,322.2,322.7,321.4,319.7,317.9,315.6,317.8,320.6,318.9,313.7,308.1,305.3,306.9,312.1,330.2,319.4,316.4,323.0,335.4,346.2,349.2,343.5,335.7,330.7,327.7,327.6,330.6,335.7,341.5,342.8,342.3,341.0,339.7,338.5,337.9,340.8,339.5,334.7,329.4,326.5,327.8,332.5,-25.2,-22.7,-17.9,-13.7,-12.5,-14.8,-19.8,-24.0,-30.2,-27.7,-24.4,-20.4,-16.1,-12.6,-10.3,-13.4,-17.4,-21.6,-25.4,-28.3,-21.1,-19.2,-17.0,-15.9,-16.4,-18.3,-20.5,-21.6,28.6,30.8,35.4,39.6,40.9,38.6,34.1,29.5,25.0,28.3,32.3,36.8,40.7,44.0,46.3,43.8,40.4,36.3,32.1,28.0,32.5,34.3,36.3,37.3,36.7,34.9,32.9,31.9,-18.1,-22.3,-23.7,-21.4,-16.8,-12.2,-11.3,-13.5,-17.5,-19.3,-20.4,-20.5,-19.2,-16.9,-13.8,-13.6,-14.1,-14.7,-15.4,-16.3,-15.4,-14.4,-15.0,-16.9,-19.0,-20.0,-19.4,-17.5,-10.9,-14.9,-16.1,-13.6,-9.1,-5.1,-4.0,-6.0,-8.9,-10.8,-11.9,-11.9,-10.8,-9.0,-6.8,-6.3,-6.5,-7.0,-7.5,-7.9,-8.1,-7.1,-7.5,-9.3,-11.3,-12.3,-11.9,-10.1,1096.8,1097.8,1097.5,1096.1,1094.5,1093.7,1093.8,1095.2,1101.8,1099.4,1096.5,1094.9,1094.2,1094.1,1094.4,1093.6,1093.2,1093.7,1095.8,1099.0,1096.3,1095.6,1095.5,1095.9,1096.7,1097.3,1097.5,1097.0,1101.8,1103.5,1104.7,1104.7,1103.4,1101.6,1100.4,1100.6,1101.8,1101.1,1100.8,1101.3,1102.9,1105.6,1108.3,1104.9,1101.8,1099.9,1099.6,1100.5,1102.5,1102.4,1103.0,1103.7,1104.3,1104.3,1103.8,1103.0,4.8,22.9,1198.2,0.077,0.10300000000000001,0.111,495.1,491.4,491.4,495.8,510.0,534.5,560.0,590.4,632.5,677.4,718.5,754.5,782.0,801.2,814.3,824.5,832.5,525.6,548.3,576.9,607.1,634.3,706.3,738.9,768.9,794.3,806.4,666.4,661.5,657.3,653.4,610.0,629.2,648.6,670.6,690.3,554.5,574.3,595.5,613.2,592.3,571.1,706.3,728.7,750.2,766.7,748.7,727.6,562.5,591.3,622.4,643.1,667.8,699.8,727.3,694.4,660.4,634.0,611.2,582.8,572.2,621.1,642.3,667.2,716.1,664.0,638.3,616.3,301.6,352.6,403.8,454.6,502.1,546.3,584.4,615.5,627.7,622.3,595.8,563.0,525.3,484.8,443.4,402.7,362.8,264.6,241.6,231.6,235.6,250.5,260.4,256.2,262.0,277.6,302.6,312.5,343.8,374.5,406.2,422.6,431.5,441.0,436.8,432.0,311.6,304.3,307.7,320.4,321.9,319.2,333.6,326.4,329.8,341.7,343.9,340.9,473.0,463.5,463.2,470.4,469.3,477.1,492.0,523.1,534.8,535.1,530.0,511.3,476.7,478.7,483.6,483.8,493.7,512.8,513.8,509.0,-60.7,-62.3,-62.3,-60.4,-54.2,-43.7,-32.8,-20.2,-3.0,15.2,32.1,47.1,58.3,66.0,71.2,75.6,79.2,-46.3,-37.0,-25.2,-13.1,-2.3,26.2,39.3,51.4,61.9,67.0,10.5,8.5,6.8,5.2,-11.9,-4.3,3.4,12.1,19.9,-34.4,-26.3,-17.8,-10.7,-19.1,-27.6,26.5,35.5,44.1,50.8,43.5,35.0,-31.4,-19.4,-7.0,1.2,11.0,23.8,35.2,21.7,8.1,-2.4,-11.4,-22.8,-27.4,-7.5,0.9,10.8,30.6,9.5,-0.7,-9.4,-24.5,-3.1,18.4,39.6,59.2,77.1,92.1,103.8,108.4,106.6,96.5,83.4,67.8,51.1,34.1,17.5,1.1,-38.6,-47.7,-51.4,-49.5,-43.4,-39.4,-41.3,-39.1,-33.0,-23.1,-18.8,-6.4,5.7,18.0,24.8,28.2,31.9,30.3,28.4,-19.5,-22.3,-21.0,-15.8,-15.2,-16.3,-10.6,-13.4,-12.1,-7.3,-6.4,-7.6,45.7,41.3,40.9,43.6,43.2,46.6,53.3,65.2,69.3,69.3,67.4,60.4,47.2,47.1,49.0,49.1,53.9,60.7,61.0,59.2,1255.9,1257.4,1258.5,1257.1,1250.1,1241.2,1231.7,1219.0,1215.4,1218.5,1227.2,1232.6,1230.6,1227.5,1226.0,1229.6,1234.7,1214.3,1208.9,1200.9,1193.3,1188.4,1186.2,1191.9,1197.6,1203.2,1208.5,1189.3,1182.7,1176.2,1170.3,1190.5,1185.5,1181.2,1182.1,1184.7,1206.6,1202.8,1201.3,1199.9,1200.4,1201.8,1199.6,1200.4,1200.2,1202.5,1199.0,1198.8,1214.1,1197.2,1187.7,1185.8,1186.2,1194.0,1210.6,1198.5,1189.6,1187.7,1189.5,1198.5,1212.5,1190.1,1188.4,1189.1,1208.5,1191.7,1190.1,1192.1,2.489,0.1,0.114,0.111,652.41,417.18300000000005,-37.958,24.607,16.044,3.8680000000000003,1.8530000000000002,-2.637,-5.324,5.462000000000001,-12.044,5.275,-18.968,3.213,-3.26,-0.201,1.9780000000000002,-3.2489999999999997,-5.54,-1.8880000000000001,0.654,-4.593999999999999,-0.937,1.406,3.333,-2.076,-2.158,1.006,0.27699999999999997,0.621,-0.26,0.42200000000000004,0.14300000000000002,-0.517,0.282,-0.2,2.32,2.89,0.0,0.82,1.57,1.87,0.0,1.61,2.53,1.3,0.0,0.0,0.0,0.17,2.88,0.85,1.18,1.0,1.0,0.0,1.0,1.0,1.0,0.0,1.0,1.0,1.0,0.0,0.0,0.0,1.0,1.0,1.0,0.0,0.0
112,3.7039999999999997,0.98,0.071427,0.216491,-0.973668,-0.176723,0.181751,-0.967334,-0.054000000000000006,0.20199999999999999,571.2,578.1,591.0,602.5,605.7,599.7,585.9,574.4,557.7,564.4,573.3,583.9,595.8,605.5,612.0,603.4,592.6,581.0,570.7,562.7,582.4,587.6,593.6,596.7,595.2,590.0,584.1,580.9,718.0,724.1,736.4,747.6,751.3,745.2,732.9,720.6,708.0,717.0,728.3,740.5,751.0,759.6,765.6,759.2,750.2,739.1,727.4,716.3,728.6,733.5,738.8,741.5,739.9,735.0,729.6,727.0,310.8,299.3,295.5,301.6,314.1,326.8,329.5,323.3,312.6,307.7,304.6,304.3,307.6,313.9,322.3,322.9,321.7,320.0,318.3,316.0,318.2,321.0,319.3,314.0,308.2,305.4,307.1,312.4,330.3,319.5,316.5,323.1,335.5,346.4,349.3,343.6,335.7,330.8,327.7,327.5,330.5,335.7,341.5,342.9,342.4,341.1,339.6,338.5,337.9,340.8,339.5,334.8,329.4,326.5,327.8,332.5,-25.2,-22.7,-17.9,-13.7,-12.5,-14.7,-19.7,-23.9,-30.2,-27.7,-24.4,-20.5,-16.1,-12.6,-10.2,-13.3,-17.3,-21.5,-25.3,-28.3,-21.1,-19.1,-17.0,-15.8,-16.4,-18.3,-20.5,-21.6,28.6,30.9,35.4,39.5,40.8,38.5,34.0,29.5,24.9,28.2,32.3,36.8,40.7,44.0,46.3,43.8,40.4,36.3,32.0,27.9,32.5,34.3,36.2,37.2,36.7,34.9,32.9,31.9,-18.0,-22.2,-23.6,-21.3,-16.7,-12.1,-11.1,-13.4,-17.4,-19.2,-20.2,-20.3,-19.1,-16.8,-13.7,-13.5,-14.0,-14.6,-15.2,-16.1,-15.3,-14.2,-14.9,-16.8,-18.9,-20.0,-19.3,-17.4,-10.9,-14.9,-16.0,-13.6,-9.0,-5.0,-3.9,-6.0,-8.9,-10.7,-11.8,-11.9,-10.8,-8.9,-6.8,-6.3,-6.5,-6.9,-7.4,-7.9,-8.1,-7.0,-7.5,-9.3,-11.2,-12.3,-11.8,-10.1,1096.9,1097.7,1097.4,1096.0,1094.5,1093.8,1094.0,1095.3,1101.9,1099.5,1096.5,1094.9,1094.2,1094.2,1094.6,1093.8,1093.3,1093.8,1096.0,1099.1,1096.4,1095.8,1095.6,1096.0,1096.7,1097.3,1097.4,1097.1,1099.1,1100.7,1101.9,1101.9,1100.8,1099.2,1098.0,1098.1,1099.5,1098.7,1098.3,1098.8,1100.5,1103.3,1106.1,1102.6,1099.5,1097.6,1097.3,1098.1,1099.9,1099.9,1100.4,1101.1,1101.6,1101.6,1101.1,1100.4,5.0,22.9,1197.9,0.077,0.102,0.109,495.0,491.6,491.7,496.1,510.4,534.8,560.3,590.8,633.1,678.3,719.5,755.6,782.9,801.7,814.4,824.6,832.5,525.5,548.1,576.8,607.0,634.2,706.3,739.0,769.0,794.4,806.6,666.5,661.6,657.5,653.7,610.4,629.6,649.0,671.0,690.6,554.6,574.4,595.6,613.4,592.4,571.2,706.4,728.8,750.3,766.9,748.9,727.7,563.1,591.9,622.9,643.6,668.2,700.2,727.7,694.9,661.0,634.6,611.9,583.5,572.7,621.6,642.8,667.7,716.5,664.5,638.8,616.9,301.9,353.0,404.2,454.9,502.2,546.3,584.4,615.6,627.8,622.5,596.1,563.1,525.1,484.3,442.8,402.0,362.0,265.3,242.2,232.2,236.2,251.0,260.7,256.4,262.1,277.8,302.8,312.7,343.9,374.5,406.3,422.6,431.5,441.0,436.8,431.9,312.0,304.7,308.0,320.6,322.2,319.5,333.6,326.5,329.8,341.7,343.9,340.9,473.0,463.4,463.2,470.3,469.2,476.9,491.8,523.0,534.8,535.1,530.1,511.3,476.7,478.6,483.5,483.6,493.4,512.9,513.9,509.1,-60.7,-62.2,-62.2,-60.3,-54.0,-43.5,-32.7,-20.0,-2.8,15.6,32.5,47.5,58.6,66.2,71.3,75.7,79.2,-46.3,-37.0,-25.3,-13.1,-2.3,26.2,39.3,51.5,61.9,67.1,10.5,8.5,6.9,5.3,-11.8,-4.1,3.5,12.2,20.0,-34.3,-26.3,-17.8,-10.7,-19.0,-27.6,26.6,35.5,44.1,50.9,43.5,35.1,-31.1,-19.2,-6.8,1.4,11.2,24.0,35.4,21.9,8.3,-2.1,-11.1,-22.6,-27.2,-7.3,1.1,11.0,30.8,9.7,-0.5,-9.2,-24.3,-2.9,18.5,39.7,59.3,77.1,92.1,103.8,108.5,106.6,96.6,83.4,67.7,50.9,33.8,17.2,0.8,-38.3,-47.5,-51.2,-49.2,-43.2,-39.3,-41.2,-39.1,-33.0,-23.0,-18.8,-6.3,5.7,18.0,24.9,28.2,31.9,30.2,28.4,-19.3,-22.2,-20.8,-15.8,-15.1,-16.2,-10.5,-13.4,-12.1,-7.3,-6.4,-7.6,45.7,41.3,40.8,43.6,43.2,46.5,53.2,65.1,69.3,69.3,67.4,60.4,47.1,47.1,48.9,49.0,53.7,60.7,61.0,59.2,1255.8,1257.2,1258.2,1256.8,1249.9,1241.1,1231.6,1218.8,1215.2,1218.4,1227.4,1232.8,1230.8,1227.5,1226.0,1229.6,1234.6,1214.2,1208.7,1200.7,1193.1,1188.1,1185.9,1191.6,1197.3,1203.1,1208.5,1189.0,1182.4,1175.9,1169.9,1190.2,1185.1,1180.9,1181.8,1184.4,1206.5,1202.7,1201.2,1199.8,1200.3,1201.6,1199.5,1200.2,1200.0,1202.4,1198.9,1198.6,1213.9,1196.9,1187.3,1185.5,1185.9,1193.7,1210.3,1198.2,1189.2,1187.4,1189.1,1198.2,1212.3,1189.7,1188.0,1188.8,1208.2,1191.3,1189.7,1191.7,2.489,0.1,0.113,0.109,652.731,417.25199999999995,-36.98,24.563000000000002,16.243,3.9189999999999996,1.385,-2.77,-5.556,5.335,-11.959000000000001,4.968999999999999,-18.934,2.824,-3.362,-0.307,2.0869999999999997,-3.3110000000000004,-5.228,-1.893,0.45299999999999996,-4.558,-0.784,1.6,3.375,-1.992,-2.092,0.956,0.243,0.591,-0.235,0.405,0.111,-0.5379999999999999,0.275,-0.201,2.3,2.85,0.0,0.82,1.6,1.93,0.0,1.61,2.52,1.28,0.0,0.0,0.0,0.18,2.87,0.73,1.15,1.0,1.0,0.0,1.0,1.0,1.0,0.0,1.0,1.0,1.0,0.0,0.0,0.0,1.0,1.0,1.0,0.0,0.0
113,3.737,0.98,0.073317,0.21672600000000003,-0.973475,-0.177431,0.182349,-0.9670920000000001,-0.054000000000000006,0.203,571.3,578.2,591.2,602.6,605.8,599.7,585.9,574.5,557.7,564.4,573.3,584.0,595.9,605.6,612.1,603.5,592.6,581.1,570.7,562.7,582.4,587.6,593.6,596.8,595.3,590.1,584.2,581.0,718.0,724.0,736.3,747.8,751.7,745.7,733.3,720.8,708.1,717.2,728.5,740.7,751.2,759.8,765.8,759.5,750.5,739.4,727.7,716.5,728.8,733.7,739.1,741.7,740.0,735.0,729.7,727.1,310.6,299.1,295.4,301.7,314.2,326.8,329.4,323.2,312.6,307.7,304.6,304.3,307.6,313.9,322.4,322.9,321.6,320.0,318.2,315.9,318.0,320.9,319.2,314.0,308.2,305.4,307.1,312.3,330.1,319.2,316.1,322.8,335.2,346.1,349.1,343.4,335.5,330.5,327.4,327.3,330.3,335.5,341.3,342.6,342.0,340.7,339.4,338.3,337.7,340.6,339.3,334.6,329.2,326.3,327.6,332.4,-25.1,-22.6,-17.8,-13.7,-12.5,-14.7,-19.7,-23.9,-30.2,-27.7,-24.4,-20.4,-16.1,-12.6,-10.2,-13.3,-17.2,-21.5,-25.3,-28.3,-21.0,-19.1,-16.9,-15.8,-16.3,-18.2,-20.4,-21.6,28.4,30.6,35.2,39.3,40.7,38.4,33.9,29.4,24.8,28.1,32.2,36.6,40.5,43.7,46.1,43.6,40.2,36.1,31.9,27.8,32.3,34.1,36.1,37.1,36.5,34.7,32.7,31.7,-18.0,-22.3,-23.6,-21.3,-16.7,-12.1,-11.2,-13.4,-17.4,-19.2,-20.2,-20.3,-19.1,-16.8,-13.7,-13.5,-14.0,-14.6,-15.3,-16.1,-15.3,-14.3,-14.9,-16.8,-18.9,-20.0,-19.4,-17.4,-10.9,-14.9,-16.0,-13.6,-9.0,-5.1,-3.9,-6.0,-8.9,-10.7,-11.8,-11.9,-10.8,-9.0,-6.8,-6.3,-6.5,-7.0,-7.5,-7.9,-8.1,-7.1,-7.5,-9.3,-11.2,-12.3,-11.8,-10.1,1096.0,1096.9,1096.5,1095.2,1093.7,1093.0,1093.2,1094.5,1101.0,1098.6,1095.7,1094.1,1093.4,1093.4,1093.8,1093.0,1092.5,1093.0,1095.1,1098.2,1095.5,1094.9,1094.8,1095.2,1095.9,1096.5,1096.6,1096.2,1091.7,1093.5,1094.7,1094.7,1093.4,1091.6,1090.4,1090.5,1091.8,1091.1,1090.8,1091.3,1093.0,1095.8,1098.5,1095.0,1091.9,1089.9,1089.6,1090.4,1092.4,1092.4,1092.9,1093.7,1094.3,1094.3,1093.7,1093.0,5.0,22.9,1198.2,0.078,0.10300000000000001,0.10800000000000001,495.0,491.6,491.8,496.3,510.7,535.3,560.9,591.2,633.4,678.4,719.5,755.6,782.9,801.9,814.7,824.8,832.7,525.5,548.1,576.8,607.0,634.2,706.4,739.0,769.0,794.4,806.7,666.7,661.8,657.8,654.0,610.5,629.8,649.2,671.3,690.9,554.6,574.4,595.7,613.4,592.5,571.2,706.6,729.0,750.6,767.1,749.2,728.0,563.2,592.0,623.1,643.8,668.4,700.5,728.1,695.2,661.1,634.8,612.1,583.6,572.9,621.8,643.0,667.8,716.9,664.6,639.0,617.1,301.8,352.9,404.2,454.9,502.4,546.6,584.7,615.9,628.0,622.6,596.0,562.8,524.7,483.9,442.2,401.3,361.2,265.4,242.2,232.1,236.1,250.9,260.6,256.2,261.8,277.4,302.4,312.5,343.7,374.3,406.0,422.4,431.3,440.8,436.5,431.6,312.0,304.6,307.9,320.5,322.2,319.5,333.4,326.2,329.5,341.4,343.7,340.7,472.8,463.2,462.9,470.0,468.8,476.5,491.4,522.8,534.7,535.0,530.0,511.2,476.4,478.3,483.2,483.2,493.1,512.8,513.8,509.0,-60.7,-62.2,-62.2,-60.2,-53.9,-43.3,-32.5,-19.8,-2.7,15.6,32.5,47.5,58.6,66.2,71.4,75.8,79.3,-46.4,-37.0,-25.3,-13.1,-2.3,26.3,39.3,51.5,61.9,67.1,10.6,8.6,7.0,5.5,-11.7,-4.0,3.6,12.3,20.1,-34.3,-26.3,-17.8,-10.6,-19.0,-27.6,26.6,35.6,44.2,51.0,43.6,35.2,-31.1,-19.1,-6.7,1.5,11.2,24.1,35.6,22.0,8.4,-2.1,-11.1,-22.5,-27.1,-7.2,1.2,11.0,31.0,9.8,-0.4,-9.1,-24.4,-3.0,18.5,39.8,59.3,77.2,92.3,104.0,108.6,106.7,96.6,83.3,67.6,50.7,33.6,16.9,0.5,-38.3,-47.5,-51.2,-49.3,-43.2,-39.3,-41.2,-39.2,-33.1,-23.2,-18.8,-6.4,5.6,18.0,24.8,28.2,31.8,30.1,28.3,-19.3,-22.2,-20.9,-15.8,-15.1,-16.2,-10.6,-13.5,-12.2,-7.5,-6.5,-7.7,45.6,41.2,40.7,43.5,43.0,46.4,53.0,65.1,69.3,69.3,67.4,60.4,47.1,46.9,48.8,48.8,53.6,60.7,61.0,59.2,1256.0,1257.4,1258.4,1257.0,1250.1,1241.4,1232.1,1219.4,1215.8,1218.9,1227.7,1233.0,1230.9,1227.6,1226.1,1229.7,1234.7,1214.3,1208.8,1200.9,1193.4,1188.4,1186.2,1191.9,1197.5,1203.3,1208.5,1189.3,1182.6,1176.2,1170.3,1190.5,1185.4,1181.2,1182.1,1184.7,1206.7,1202.9,1201.4,1200.0,1200.5,1201.8,1199.7,1200.4,1200.2,1202.6,1199.1,1198.8,1214.4,1197.4,1187.7,1185.9,1186.3,1194.1,1210.7,1198.6,1189.6,1187.8,1189.6,1198.6,1212.8,1190.1,1188.4,1189.2,1208.6,1191.7,1190.1,1192.1,2.489,0.10099999999999999,0.113,0.107,652.896,417.07099999999997,-37.683,24.500999999999998,16.642,3.815,1.446,-2.846,-5.596,4.999,-12.065999999999999,4.591,-18.932000000000002,3.1439999999999997,-3.41,-0.369,1.962,-3.444,-5.2139999999999995,-1.824,0.509,-4.458,-0.943,1.489,3.465,-2.089,-2.103,0.8859999999999999,0.235,0.615,-0.248,0.42100000000000004,0.08800000000000001,-0.521,0.281,-0.203,2.31,2.85,0.0,0.84,1.6,1.93,0.0,1.65,2.53,1.26,0.0,0.0,0.0,0.19,2.87,0.72,1.14,1.0,1.0,0.0,1.0,1.0,1.0,0.0,1.0,1.0,1.0,0.0,0.0,0.0,1.0,1.0,1.0,0.0,0.0
114,3.77,0.98,0.074285,0.221433,-0.972342,-0.178622,0.18227100000000002,-0.966888,-0.054000000000000006,0.205,571.4,578.3,591.4,602.8,606.0,599.9,586.0,574.6,557.8,564.5,573.4,584.1,596.0,605.7,612.4,603.8,592.9,581.3,570.9,562.8,582.7,587.8,593.7,596.9,595.5,590.3,584.4,581.2,718.3,724.3,736.6,748.0,751.9,745.9,733.6,721.1,708.6,717.7,728.9,741.0,751.5,759.9,765.9,759.7,750.8,739.8,728.2,717.0,729.0,734.0,739.4,742.0,740.3,735.3,729.9,727.3,310.7,299.1,295.4,301.6,314.2,326.8,329.5,323.2,312.6,307.7,304.5,304.2,307.4,313.7,322.2,322.7,321.5,319.8,318.1,315.9,318.1,320.9,319.2,314.0,308.3,305.5,307.2,312.4,329.8,318.9,315.8,322.5,334.9,345.8,348.8,343.2,335.2,330.2,327.1,327.0,330.0,335.1,340.9,342.3,341.8,340.6,339.2,338.0,337.5,340.4,339.1,334.3,328.8,325.9,327.3,332.1,-25.0,-22.5,-17.7,-13.5,-12.3,-14.6,-19.6,-23.8,-30.1,-27.6,-24.2,-20.3,-16.0,-12.4,-10.0,-13.2,-17.1,-21.3,-25.1,-28.2,-20.9,-19.0,-16.8,-15.7,-16.2,-18.1,-20.3,-21.4,28.6,30.8,35.3,39.5,40.9,38.7,34.1,29.6,25.1,28.3,32.4,36.9,40.7,43.9,46.3,43.8,40.4,36.4,32.1,28.1,32.5,34.3,36.3,37.3,36.7,34.9,32.9,31.9,-18.0,-22.2,-23.5,-21.3,-16.7,-12.0,-11.1,-13.4,-17.3,-19.1,-20.2,-20.3,-19.1,-16.8,-13.8,-13.5,-14.0,-14.6,-15.2,-16.1,-15.3,-14.2,-14.8,-16.8,-18.8,-19.9,-19.3,-17.3,-11.0,-15.0,-16.2,-13.7,-9.2,-5.2,-4.1,-6.1,-9.1,-10.9,-12.0,-12.0,-11.0,-9.1,-7.0,-6.5,-6.7,-7.1,-7.6,-8.0,-8.2,-7.2,-7.7,-9.4,-11.4,-12.5,-12.0,-10.2,1092.6,1093.5,1093.2,1091.8,1090.3,1089.5,1089.7,1091.1,1097.6,1095.2,1092.3,1090.6,1090.0,1089.9,1090.3,1089.5,1089.0,1089.5,1091.6,1094.8,1092.1,1091.5,1091.3,1091.7,1092.4,1093.1,1093.2,1092.8,1095.0,1096.8,1098.1,1098.1,1096.8,1095.0,1093.8,1093.9,1095.0,1094.4,1094.2,1094.7,1096.4,1099.2,1101.9,1098.4,1095.2,1093.3,1092.9,1093.7,1095.8,1095.8,1096.3,1097.1,1097.7,1097.7,1097.1,1096.3,5.1,22.8,1198.8,0.077,0.10300000000000001,0.10800000000000001,495.1,491.7,491.9,496.5,510.9,535.4,561.0,591.5,633.7,678.7,719.8,755.7,783.0,802.0,814.9,825.0,832.9,525.8,548.4,577.0,607.1,634.2,706.7,739.2,769.1,794.5,806.8,666.7,661.9,657.9,654.1,610.7,629.9,649.3,671.4,691.0,554.8,574.6,595.8,613.6,592.6,571.4,706.9,729.3,750.9,767.4,749.5,728.3,563.5,592.1,623.1,643.9,668.7,700.7,728.1,695.4,661.5,634.9,612.1,583.7,573.2,621.7,643.1,668.1,716.9,664.9,639.2,617.1,302.3,353.2,404.1,454.7,502.1,546.3,584.6,615.9,628.0,622.5,595.9,562.7,524.5,483.6,441.8,400.7,360.4,265.1,242.0,232.1,236.1,250.8,260.3,255.9,261.5,276.9,301.8,312.3,343.5,374.2,405.9,422.2,431.1,440.6,436.3,431.5,311.9,304.5,307.8,320.3,322.0,319.4,333.1,326.0,329.2,341.1,343.4,340.4,472.7,462.9,462.6,469.8,468.6,476.3,491.3,522.5,534.4,534.7,529.6,510.8,476.3,478.1,483.0,483.0,492.9,512.5,513.5,508.7,-60.7,-62.2,-62.1,-60.2,-53.8,-43.3,-32.5,-19.7,-2.5,15.7,32.6,47.6,58.7,66.3,71.5,75.9,79.4,-46.2,-36.9,-25.2,-13.1,-2.3,26.4,39.4,51.6,62.0,67.2,10.6,8.6,7.0,5.5,-11.6,-4.0,3.7,12.4,20.2,-34.3,-26.3,-17.7,-10.6,-19.0,-27.5,26.8,35.8,44.4,51.1,43.8,35.3,-31.0,-19.1,-6.7,1.5,11.4,24.2,35.6,22.2,8.5,-2.0,-11.1,-22.5,-27.0,-7.3,1.2,11.1,31.0,9.9,-0.3,-9.1,-24.2,-2.9,18.5,39.7,59.2,77.1,92.3,104.1,108.7,106.7,96.6,83.3,67.5,50.6,33.4,16.7,0.2,-38.4,-47.6,-51.2,-49.3,-43.3,-39.4,-41.4,-39.4,-33.3,-23.5,-18.9,-6.5,5.6,17.9,24.7,28.1,31.8,30.1,28.2,-19.4,-22.3,-20.9,-15.9,-15.2,-16.3,-10.8,-13.6,-12.3,-7.6,-6.6,-7.8,45.6,41.1,40.7,43.4,43.0,46.3,53.0,65.0,69.2,69.2,67.3,60.3,47.0,46.9,48.7,48.8,53.6,60.6,60.9,59.1,1256.3,1257.7,1258.8,1257.4,1250.5,1241.9,1232.5,1219.8,1216.3,1219.4,1228.2,1233.5,1231.5,1228.2,1226.7,1230.2,1235.2,1214.9,1209.5,1201.6,1194.1,1189.2,1187.0,1192.5,1198.1,1203.7,1208.9,1190.0,1183.3,1176.9,1171.0,1191.2,1186.1,1181.9,1182.9,1185.4,1207.4,1203.6,1202.2,1200.7,1201.2,1202.6,1200.3,1201.0,1200.8,1203.1,1199.7,1199.4,1214.8,1197.8,1188.3,1186.5,1186.8,1194.6,1211.1,1199.1,1190.2,1188.4,1190.2,1199.2,1213.2,1190.7,1189.0,1189.7,1209.0,1192.4,1190.8,1192.8,2.488,0.1,0.113,0.107,653.063,416.861,-38.228,24.004,16.229,3.71,1.206,-2.907,-5.724,4.885,-12.129000000000001,4.423,-18.706,2.8680000000000003,-3.315,-0.29600000000000004,2.005,-3.563,-5.37,-1.6119999999999999,0.522,-4.593,-1.234,1.6,3.352,-2.24,-2.002,0.927,0.21100000000000002,0.5429999999999999,-0.212,0.402,0.105,-0.473,0.311,-0.215,2.26,2.86,0.0,0.89,1.55,1.88,0.0,1.72,2.54,1.24,0.0,0.0,0.0,0.16,2.84,0.74,1.14,1.0,1.0,0.0,1.0,1.0,1.0,0.0,1.0,1.0,1.0,0.0,0.0,0.0,1.0,1.0,1.0,0.0,0.0
115,3.804,0.98,0.075887,0.219565,-0.972642,-0.173293,0.17941500000000002,-0.96839,-0.05,0.203,571.8,578.7,591.7,603.1,606.3,600.2,586.4,575.0,557.9,564.7,573.8,584.5,596.3,606.1,612.7,604.2,593.3,581.8,571.3,563.1,583.1,588.2,594.0,597.1,595.7,590.5,584.7,581.6,718.6,724.6,736.9,748.4,752.3,746.3,734.0,721.5,708.8,717.9,729.2,741.3,751.7,760.2,766.3,759.9,750.9,740.0,728.3,717.2,729.4,734.4,739.7,742.3,740.6,735.6,730.3,727.7,310.5,299.1,295.3,301.5,314.0,326.6,329.2,323.0,312.5,307.6,304.4,304.1,307.3,313.6,322.1,322.6,321.3,319.6,317.9,315.8,317.8,320.6,318.9,313.8,308.2,305.5,307.1,312.3,329.5,318.6,315.6,322.3,334.6,345.5,348.5,342.9,335.0,329.9,326.8,326.8,329.8,335.0,340.8,342.1,341.5,340.3,338.9,337.7,337.2,340.1,338.8,334.1,328.7,325.8,327.1,331.8,-24.9,-22.4,-17.7,-13.5,-12.3,-14.5,-19.5,-23.7,-30.1,-27.6,-24.2,-20.2,-15.9,-12.4,-9.9,-13.0,-17.0,-21.2,-25.1,-28.1,-20.8,-18.9,-16.8,-15.7,-16.2,-18.1,-20.2,-21.3,28.7,30.9,35.4,39.6,41.0,38.8,34.2,29.7,25.1,28.4,32.5,36.9,40.8,44.0,46.3,43.8,40.4,36.4,32.1,28.1,32.6,34.4,36.4,37.4,36.8,34.9,33.0,32.0,-18.1,-22.3,-23.6,-21.3,-16.8,-12.2,-11.2,-13.5,-17.4,-19.2,-20.3,-20.4,-19.2,-16.9,-13.8,-13.6,-14.1,-14.7,-15.4,-16.2,-15.4,-14.4,-15.0,-16.8,-18.9,-19.9,-19.3,-17.4,-11.1,-15.1,-16.2,-13.8,-9.3,-5.3,-4.2,-6.2,-9.1,-11.0,-12.1,-12.1,-11.0,-9.1,-7.0,-6.5,-6.7,-7.2,-7.7,-8.1,-8.3,-7.3,-7.7,-9.5,-11.4,-12.5,-12.0,-10.3,1095.1,1096.1,1095.8,1094.6,1093.0,1092.1,1092.2,1093.5,1100.0,1097.7,1094.8,1093.2,1092.6,1092.6,1093.0,1092.1,1091.5,1091.9,1094.0,1097.2,1094.6,1094.1,1093.9,1094.4,1095.1,1095.7,1095.8,1095.3,1093.5,1095.4,1096.7,1096.7,1095.3,1093.5,1092.2,1092.3,1093.5,1092.8,1092.6,1093.1,1094.8,1097.6,1100.3,1096.8,1093.6,1091.7,1091.3,1092.1,1094.2,1094.2,1094.8,1095.6,1096.2,1096.2,1095.6,1094.8,5.2,22.8,1198.0,0.076,0.10300000000000001,0.107,495.3,491.9,492.2,496.8,511.3,535.8,561.4,591.7,633.9,678.8,719.9,755.9,783.3,802.4,815.3,825.5,833.4,525.8,548.4,577.1,607.3,634.5,706.6,739.2,769.1,794.7,807.1,667.0,662.1,658.1,654.3,610.9,630.2,649.6,671.7,691.4,555.0,574.8,596.1,613.9,593.0,571.7,707.1,729.5,751.1,767.7,749.7,728.5,563.7,592.5,623.6,644.3,669.0,701.1,728.7,695.8,661.8,635.4,612.6,584.1,573.4,622.2,643.5,668.4,717.5,665.2,639.6,617.6,302.2,353.2,404.3,454.9,502.2,546.4,584.5,615.8,628.1,622.7,596.2,563.0,524.8,483.7,441.8,400.6,360.3,265.4,242.1,232.1,236.0,250.7,260.2,255.7,261.3,276.8,301.7,312.0,343.4,374.1,405.9,422.1,431.0,440.5,436.2,431.3,311.8,304.4,307.6,320.2,321.9,319.3,332.9,325.8,329.1,340.9,343.2,340.2,472.3,462.7,462.4,469.5,468.3,476.0,490.9,522.5,534.4,534.7,529.6,510.8,475.9,477.8,482.7,482.7,492.5,512.4,513.4,508.6,-60.6,-62.1,-62.0,-60.0,-53.6,-43.1,-32.3,-19.6,-2.5,15.8,32.7,47.6,58.8,66.5,71.6,76.0,79.6,-46.2,-36.9,-25.2,-13.0,-2.2,26.3,39.4,51.5,62.0,67.3,10.7,8.7,7.1,5.6,-11.5,-3.9,3.8,12.5,20.3,-34.2,-26.1,-17.6,-10.4,-18.8,-27.4,26.8,35.8,44.4,51.2,43.9,35.4,-30.9,-19.0,-6.5,1.7,11.5,24.3,35.8,22.3,8.6,-1.8,-10.9,-22.3,-26.9,-7.0,1.4,11.3,31.2,10.0,-0.2,-8.9,-24.2,-2.8,18.6,39.8,59.3,77.1,92.2,103.9,108.6,106.7,96.7,83.4,67.6,50.6,33.4,16.7,0.1,-38.3,-47.5,-51.2,-49.3,-43.3,-39.5,-41.4,-39.4,-33.4,-23.5,-19.0,-6.6,5.5,17.9,24.6,28.0,31.7,30.0,28.1,-19.4,-22.3,-21.0,-15.9,-15.3,-16.3,-10.8,-13.7,-12.4,-7.7,-6.7,-7.9,45.4,41.0,40.5,43.3,42.8,46.2,52.8,64.9,69.1,69.1,67.3,60.2,46.9,46.7,48.6,48.6,53.4,60.5,60.8,59.0,1255.7,1257.0,1258.0,1256.5,1249.7,1241.1,1231.7,1219.0,1215.5,1218.7,1227.5,1232.8,1230.8,1227.6,1226.1,1229.7,1234.7,1214.4,1209.0,1201.0,1193.5,1188.5,1186.2,1191.8,1197.4,1203.0,1208.2,1189.2,1182.5,1176.1,1170.1,1190.3,1185.2,1181.0,1182.0,1184.5,1206.7,1202.9,1201.5,1199.9,1200.5,1201.8,1199.5,1200.3,1200.0,1202.3,1198.9,1198.6,1214.2,1197.2,1187.5,1185.6,1186.0,1193.8,1210.3,1198.2,1189.3,1187.5,1189.3,1198.4,1212.5,1189.9,1188.1,1188.9,1208.3,1191.5,1189.9,1191.9,2.489,0.099,0.113,0.106,653.352,416.77099999999996,-37.695,23.623,16.774,3.8930000000000002,1.163,-2.685,-5.577999999999999,4.849,-12.237,4.231,-18.872,2.8689999999999998,-3.255,-0.305,1.8359999999999999,-3.741,-5.1339999999999995,-1.663,0.522,-4.466,-0.9990000000000001,1.496,3.469,-2.031,-2.062,1.005,0.121,0.5920000000000001,-0.17800000000000002,0.379,0.126,-0.488,0.331,-0.25,2.21,2.86,0.0,0.94,1.53,1.96,0.0,1.79,2.55,1.24,0.0,0.0,0.0,0.13,2.86,0.84,1.15,1.0,1.0,0.0,1.0,1.0,1.0,0.0,1.0,1.0,1.0,0.0,0.0,0.0,1.0,1.0,1.0,0.0,0.0
116,3.8369999999999997,0.98,0.074646,0.22017399999999998,-0.9726,-0.175624,0.179202,-0.96801,-0.052000000000000005,0.203,572.1,578.9,591.8,603.2,606.5,600.5,586.8,575.4,558.3,565.0,574.0,584.7,596.6,606.3,613.0,604.4,593.5,582.0,571.5,563.4,583.4,588.5,594.3,597.4,595.9,590.8,585.0,581.9,719.1,724.9,737.2,748.6,752.5,746.6,734.4,721.9,709.2,718.3,729.5,741.7,752.2,760.6,766.5,760.3,751.4,740.5,728.9,717.7,729.8,734.7,740.0,742.5,740.9,735.9,730.6,728.1,310.7,299.1,295.3,301.4,313.9,326.5,329.3,323.2,312.5,307.5,304.4,304.0,307.3,313.7,322.1,322.6,321.3,319.7,317.9,315.8,317.9,320.6,318.9,313.7,308.1,305.3,307.1,312.3,329.4,318.5,315.3,321.9,334.4,345.4,348.5,342.8,334.8,329.7,326.7,326.6,329.6,334.7,340.6,342.0,341.5,340.3,338.9,337.6,337.0,339.9,338.5,333.8,328.4,325.5,326.9,331.6,-24.8,-22.3,-17.6,-13.4,-12.2,-14.4,-19.4,-23.6,-30.0,-27.5,-24.1,-20.2,-15.8,-12.3,-9.8,-13.0,-16.9,-21.1,-25.0,-28.0,-20.7,-18.8,-16.7,-15.6,-16.1,-18.0,-20.1,-21.2,28.8,31.0,35.5,39.7,41.1,38.9,34.4,29.8,25.2,28.5,32.6,37.0,40.9,44.1,46.4,44.0,40.6,36.6,32.3,28.3,32.7,34.5,36.5,37.4,36.8,35.0,33.1,32.1,-18.0,-22.3,-23.7,-21.4,-16.8,-12.2,-11.2,-13.4,-17.4,-19.2,-20.3,-20.4,-19.2,-16.9,-13.8,-13.6,-14.1,-14.7,-15.4,-16.2,-15.4,-14.4,-15.0,-16.9,-19.0,-20.0,-19.3,-17.4,-11.1,-15.2,-16.3,-13.9,-9.4,-5.3,-4.2,-6.3,-9.2,-11.0,-12.1,-12.2,-11.1,-9.2,-7.1,-6.6,-6.7,-7.2,-7.7,-8.1,-8.4,-7.3,-7.8,-9.6,-11.5,-12.6,-12.1,-10.4,1095.7,1096.5,1096.2,1094.9,1093.4,1092.7,1092.9,1094.2,1100.8,1098.3,1095.4,1093.7,1093.1,1093.0,1093.5,1092.6,1092.1,1092.6,1094.7,1097.8,1095.2,1094.6,1094.5,1094.9,1095.6,1096.1,1096.3,1095.9,1093.4,1095.1,1096.4,1096.5,1095.4,1093.6,1092.3,1092.3,1093.4,1092.7,1092.5,1093.1,1094.8,1097.7,1100.4,1097.0,1093.7,1091.7,1091.3,1092.1,1094.2,1094.3,1094.8,1095.6,1096.1,1096.1,1095.5,1094.7,5.4,22.7,1198.5,0.077,0.10300000000000001,0.106,495.6,492.2,492.6,497.2,511.7,536.5,562.3,592.9,635.0,679.8,720.7,756.5,783.8,802.8,815.8,826.0,833.8,526.1,548.6,577.3,607.4,634.6,707.1,739.4,769.2,794.6,807.2,667.3,662.6,658.5,654.8,611.5,630.7,650.1,672.1,691.8,555.3,575.1,596.4,614.2,593.2,571.9,707.5,729.9,751.5,768.1,750.2,728.9,564.2,592.9,624.0,644.8,669.6,701.6,729.1,696.4,662.4,635.9,613.0,584.5,573.9,622.7,644.0,669.0,717.9,665.9,640.1,618.1,302.0,352.9,404.0,454.8,502.4,546.8,585.2,616.3,628.3,622.6,595.7,562.4,524.2,483.4,441.6,400.6,360.4,265.3,242.2,232.1,236.0,250.7,260.1,255.7,261.2,276.4,301.0,312.0,343.2,373.9,405.6,422.1,430.9,440.3,436.0,431.1,311.8,304.4,307.6,320.2,321.9,319.3,332.8,325.6,328.8,340.7,343.0,340.1,472.4,462.6,462.2,469.3,468.0,475.8,490.8,522.3,534.2,534.7,529.6,510.9,476.0,477.8,482.6,482.6,492.5,512.1,513.3,508.5,-60.5,-61.9,-61.9,-59.8,-53.5,-42.8,-31.9,-19.1,-2.0,16.2,33.0,47.9,59.0,66.6,71.8,76.2,79.8,-46.1,-36.8,-25.1,-13.0,-2.1,26.5,39.5,51.6,62.0,67.3,10.8,8.9,7.3,5.8,-11.3,-3.7,4.0,12.7,20.4,-34.1,-26.0,-17.5,-10.3,-18.7,-27.3,27.0,36.0,44.6,51.3,44.0,35.5,-30.7,-18.8,-6.4,1.9,11.7,24.5,35.9,22.5,8.9,-1.6,-10.7,-22.2,-26.7,-6.9,1.6,11.5,31.4,10.3,0.0,-8.7,-24.3,-3.0,18.5,39.7,59.3,77.3,92.5,104.2,108.8,106.7,96.4,83.2,67.4,50.5,33.3,16.6,0.2,-38.3,-47.5,-51.2,-49.3,-43.3,-39.5,-41.4,-39.4,-33.5,-23.8,-19.0,-6.6,5.4,17.8,24.6,28.0,31.6,30.0,28.1,-19.4,-22.3,-21.0,-15.9,-15.2,-16.3,-10.9,-13.8,-12.5,-7.8,-6.8,-8.0,45.5,41.0,40.5,43.2,42.7,46.1,52.8,64.9,69.1,69.2,67.3,60.3,46.9,46.7,48.6,48.6,53.4,60.5,60.8,59.0,1256.2,1257.6,1258.6,1257.2,1250.3,1241.6,1232.3,1219.7,1216.2,1219.3,1227.8,1233.0,1230.9,1227.7,1226.3,1229.9,1234.9,1214.7,1209.3,1201.4,1194.0,1189.1,1186.9,1192.5,1198.0,1203.5,1208.5,1189.7,1183.1,1176.7,1170.7,1190.9,1185.8,1181.6,1182.5,1185.1,1207.1,1203.3,1201.8,1200.3,1200.8,1202.2,1200.0,1200.7,1200.5,1202.8,1199.4,1199.1,1214.5,1197.6,1188.0,1186.1,1186.5,1194.2,1210.7,1198.8,1189.9,1188.1,1189.9,1198.9,1212.9,1190.4,1188.7,1189.4,1208.6,1192.1,1190.5,1192.5,2.488,0.1,0.114,0.105,653.798,416.67199999999997,-38.344,24.218000000000004,16.535999999999998,3.6180000000000003,1.089,-3.102,-5.311,4.905,-12.161,4.1530000000000005,-18.794,3.384,-3.147,-0.076,1.8840000000000001,-3.8169999999999997,-5.596,-1.287,0.633,-4.526,-1.202,1.285,3.284,-2.155,-2.064,0.983,0.18600000000000003,0.597,-0.187,0.377,0.125,-0.5,0.281,-0.239,2.16,2.84,0.0,0.99,1.51,2.0,0.0,1.78,2.53,1.22,0.0,0.0,0.0,0.13,2.87,0.86,1.15,1.0,1.0,0.0,1.0,1.0,1.0,0.0,1.0,1.0,1.0,0.0,0.0,0.0,1.0,1.0,1.0,0.0,0.0
117,3.8710000000000004,0.98,0.076307,0.22063600000000003,-0.972367,-0.18195999999999998,0.18066600000000002,-0.966566,-0.054000000000000006,0.204,572.6,579.3,592.2,603.7,607.0,601.0,587.3,575.9,558.5,565.2,574.4,585.1,597.0,606.8,613.6,605.0,594.2,582.5,571.9,563.7,583.8,589.0,594.8,597.9,596.4,591.2,585.4,582.3,719.4,725.4,737.6,748.9,752.8,746.9,734.6,722.3,710.0,718.9,730.0,742.2,752.7,761.1,766.9,760.7,751.9,741.0,729.3,718.3,730.1,735.0,740.4,743.0,741.3,736.3,731.0,728.4,310.7,299.2,295.4,301.5,314.0,326.7,329.4,323.2,312.6,307.7,304.5,304.2,307.5,313.8,322.1,322.7,321.4,319.9,318.1,315.9,318.0,320.8,319.0,313.8,308.2,305.4,307.1,312.3,329.7,318.7,315.5,322.0,334.4,345.4,348.6,343.0,334.9,329.8,326.7,326.6,329.6,334.7,340.4,342.0,341.6,340.4,339.0,337.7,337.1,340.0,338.6,333.8,328.4,325.5,326.9,331.7,-24.6,-22.1,-17.4,-13.2,-12.0,-14.2,-19.2,-23.4,-29.9,-27.3,-23.9,-20.0,-15.6,-12.1,-9.6,-12.7,-16.7,-20.9,-24.8,-27.9,-20.5,-18.6,-16.5,-15.4,-15.9,-17.8,-19.9,-21.0,29.2,31.4,35.9,40.1,41.5,39.2,34.7,30.2,25.7,28.9,33.0,37.5,41.4,44.6,46.9,44.4,41.1,37.0,32.7,28.7,33.1,34.9,36.9,37.9,37.3,35.4,33.5,32.5,-18.0,-22.2,-23.6,-21.3,-16.7,-12.1,-11.1,-13.4,-17.4,-19.1,-20.2,-20.3,-19.1,-16.8,-13.8,-13.6,-14.0,-14.6,-15.3,-16.1,-15.3,-14.3,-14.9,-16.8,-18.9,-19.9,-19.3,-17.4,-11.1,-15.2,-16.4,-14.0,-9.4,-5.4,-4.2,-6.2,-9.2,-11.1,-12.2,-12.3,-11.2,-9.3,-7.2,-6.6,-6.8,-7.2,-7.7,-8.2,-8.4,-7.3,-7.9,-9.6,-11.6,-12.7,-12.2,-10.4,1094.1,1094.9,1094.6,1093.4,1092.0,1091.3,1091.4,1092.6,1099.3,1096.8,1093.9,1092.3,1091.7,1091.7,1092.2,1091.3,1090.7,1091.2,1093.2,1096.4,1093.7,1093.1,1093.0,1093.4,1094.0,1094.6,1094.7,1094.3,1101.2,1102.8,1104.0,1104.1,1103.0,1101.4,1100.2,1100.3,1101.4,1100.7,1100.4,1100.9,1102.6,1105.5,1108.2,1104.8,1101.7,1099.7,1099.3,1100.1,1102.0,1102.1,1102.6,1103.3,1103.8,1103.8,1103.2,1102.5,5.6,22.8,1198.3,0.077,0.102,0.105,495.9,492.6,492.9,497.6,512.3,537.2,563.1,593.6,635.6,680.4,721.2,757.1,784.3,803.4,816.3,826.4,834.3,526.5,549.1,577.9,608.1,635.3,707.5,740.0,769.8,795.3,807.8,667.9,663.1,659.1,655.3,611.8,631.1,650.7,672.8,692.5,555.7,575.6,596.9,614.6,593.7,572.4,708.0,730.5,752.0,768.6,750.7,729.4,564.8,593.6,624.6,645.5,670.3,702.3,729.8,697.1,663.2,636.7,613.8,585.2,574.5,623.3,644.7,669.7,718.6,666.7,640.9,618.8,301.8,353.0,404.4,455.4,503.0,547.3,585.5,616.4,628.2,622.5,595.7,562.5,524.4,483.5,441.7,400.6,360.3,265.6,242.3,232.2,236.1,250.8,260.2,255.8,261.4,276.8,301.7,312.1,343.4,374.1,406.0,422.2,431.0,440.6,436.2,431.2,311.9,304.5,307.7,320.3,322.0,319.4,332.9,325.7,328.9,340.7,343.0,340.1,472.6,462.8,462.4,469.4,468.2,475.8,490.7,522.2,534.2,534.7,529.7,511.0,476.2,477.9,482.7,482.6,492.4,512.2,513.3,508.6,-60.3,-61.8,-61.7,-59.7,-53.2,-42.5,-31.6,-18.9,-1.8,16.4,33.2,48.1,59.2,66.9,72.1,76.4,80.0,-45.9,-36.6,-24.9,-12.7,-1.9,26.7,39.7,51.8,62.3,67.6,11.1,9.1,7.5,6.0,-11.2,-3.5,4.2,12.9,20.7,-33.9,-25.8,-17.3,-10.2,-18.5,-27.1,27.2,36.2,44.8,51.5,44.2,35.7,-30.5,-18.5,-6.1,2.2,12.0,24.8,36.2,22.8,9.2,-1.3,-10.4,-21.9,-26.5,-6.6,1.9,11.8,31.7,10.6,0.3,-8.4,-24.4,-2.9,18.6,40.0,59.6,77.5,92.6,104.2,108.7,106.7,96.5,83.2,67.4,50.5,33.4,16.7,0.1,-38.2,-47.4,-51.1,-49.3,-43.3,-39.5,-41.4,-39.4,-33.4,-23.5,-19.0,-6.5,5.5,17.9,24.7,28.1,31.7,30.0,28.1,-19.4,-22.3,-20.9,-15.9,-15.2,-16.3,-10.8,-13.7,-12.4,-7.7,-6.8,-7.9,45.6,41.0,40.5,43.3,42.8,46.1,52.8,64.8,69.1,69.2,67.3,60.3,47.0,46.8,48.6,48.6,53.3,60.4,60.8,59.0,1255.9,1257.3,1258.4,1257.0,1250.1,1241.4,1232.0,1219.4,1215.9,1219.0,1227.6,1232.9,1230.8,1227.6,1226.1,1229.7,1234.8,1214.3,1208.9,1201.1,1193.6,1188.8,1186.7,1192.2,1197.8,1203.3,1208.4,1189.5,1182.9,1176.4,1170.5,1190.6,1185.5,1181.3,1182.2,1184.8,1206.7,1202.9,1201.5,1200.0,1200.5,1201.8,1199.8,1200.5,1200.3,1202.6,1199.1,1198.8,1214.3,1197.3,1187.7,1185.9,1186.3,1194.1,1210.6,1198.6,1189.6,1187.8,1189.6,1198.6,1212.7,1190.1,1188.4,1189.2,1208.5,1191.8,1190.2,1192.2,2.489,0.1,0.113,0.105,654.379,416.805,-38.085,24.476,16.711,3.5389999999999997,1.15,-2.784,-5.274,4.876,-12.238,3.991,-18.791,3.406,-3.05,-0.04,1.882,-3.602,-5.638999999999999,-1.615,0.797,-4.4,-1.041,1.446,3.2960000000000003,-2.2,-2.0180000000000002,0.9570000000000001,0.17800000000000002,0.5,-0.231,0.385,0.08900000000000001,-0.47200000000000003,0.28,-0.26,2.17,2.83,0.0,1.04,1.52,2.07,0.0,1.77,2.52,1.29,0.0,0.0,0.0,0.15,2.89,0.9,1.14,1.0,1.0,0.0,1.0,1.0,1.0,0.0,1.0,1.0,1.0,0.0,0.0,0.0,1.0,1.0,1.0,0.0,0.0
118,3.904,0.98,0.071992,0.217745,-0.973347,-0.176779,0.178361,-0.9679549999999999,-0.054000000000000006,0.201,573.1,579.9,592.7,604.1,607.5,601.6,587.9,576.5,559.4,566.1,575.2,585.9,597.7,607.4,614.0,605.6,594.9,583.3,572.8,564.5,584.2,589.5,595.4,598.6,597.0,591.7,585.8,582.6,720.1,726.1,738.3,749.6,753.4,747.4,735.2,722.9,710.6,719.5,730.6,742.8,753.3,761.7,767.5,761.3,752.4,741.5,729.9,718.8,730.7,735.7,741.0,743.6,742.0,737.0,731.7,729.1,310.8,299.4,295.6,301.8,314.2,326.7,329.3,323.2,312.8,307.9,304.7,304.4,307.6,313.9,322.3,322.8,321.6,320.0,318.3,316.1,318.1,321.0,319.3,314.0,308.2,305.3,307.1,312.4,329.6,318.6,315.5,322.0,334.4,345.4,348.5,342.8,334.8,329.8,326.8,326.7,329.7,334.8,340.6,342.0,341.6,340.3,338.9,337.6,337.0,339.9,338.5,333.7,328.3,325.5,326.9,331.6,-24.6,-22.1,-17.4,-13.2,-11.9,-14.1,-19.1,-23.3,-29.8,-27.3,-23.8,-19.9,-15.5,-12.0,-9.6,-12.6,-16.5,-20.8,-24.7,-27.8,-20.5,-18.6,-16.4,-15.2,-15.8,-17.8,-20.0,-21.1,29.5,31.7,36.2,40.4,41.8,39.5,35.0,30.4,25.9,29.2,33.3,37.8,41.7,44.9,47.2,44.7,41.3,37.3,33.0,28.9,33.4,35.2,37.2,38.2,37.6,35.8,33.8,32.8,-18.1,-22.3,-23.7,-21.4,-16.8,-12.2,-11.2,-13.5,-17.4,-19.2,-20.3,-20.4,-19.2,-16.9,-13.9,-13.6,-14.1,-14.7,-15.3,-16.2,-15.4,-14.3,-15.0,-16.9,-19.0,-20.1,-19.5,-17.5,-11.2,-15.2,-16.4,-14.0,-9.4,-5.4,-4.2,-6.3,-9.3,-11.1,-12.2,-12.3,-11.2,-9.3,-7.2,-6.6,-6.8,-7.2,-7.8,-8.2,-8.4,-7.4,-7.9,-9.7,-11.7,-12.7,-12.2,-10.4,1103.0,1103.9,1103.6,1102.5,1101.0,1100.4,1100.4,1101.6,1108.0,1105.8,1102.9,1101.3,1100.8,1100.9,1101.4,1100.5,1099.9,1100.2,1102.2,1105.3,1102.7,1102.1,1102.0,1102.4,1103.1,1103.6,1103.7,1103.3,1102.9,1104.5,1105.7,1105.8,1104.7,1103.1,1101.9,1102.0,1103.1,1102.4,1102.1,1102.6,1104.3,1107.2,1109.9,1106.5,1103.4,1101.4,1101.1,1101.8,1103.7,1103.8,1104.3,1105.0,1105.5,1105.4,1104.9,1104.2,5.9,22.8,1198.6,0.077,0.1,0.105,496.5,493.2,493.5,498.1,512.5,537.2,563.0,593.6,635.8,680.7,721.6,757.5,784.9,804.0,816.9,826.9,834.7,527.1,549.5,578.2,608.4,635.7,708.2,740.7,770.4,795.8,808.3,668.5,663.8,659.9,656.2,612.7,632.0,651.5,673.6,693.2,556.5,576.3,597.5,615.3,594.4,573.1,708.7,731.0,752.6,769.1,751.2,730.0,565.3,594.2,625.4,646.2,671.1,703.1,730.7,698.0,664.0,637.5,614.6,585.9,575.0,624.1,645.5,670.5,719.5,667.4,641.6,619.6,302.4,353.3,404.3,454.9,502.4,546.7,585.2,616.7,628.8,623.2,596.3,562.8,524.6,483.5,441.6,400.4,360.1,266.0,242.7,232.6,236.4,250.9,260.3,255.9,261.5,276.8,301.5,312.2,343.4,374.1,405.8,422.3,431.1,440.6,436.2,431.3,312.2,304.7,307.9,320.4,322.1,319.6,332.9,325.7,329.0,340.8,343.1,340.1,472.6,463.0,462.7,469.8,468.5,476.0,490.8,522.5,534.5,534.9,530.0,511.2,476.2,478.1,483.0,482.9,492.5,512.5,513.6,508.9,-60.1,-61.5,-61.4,-59.5,-53.1,-42.6,-31.7,-18.9,-1.7,16.6,33.4,48.3,59.5,67.1,72.3,76.7,80.2,-45.7,-36.5,-24.8,-12.6,-1.7,27.0,40.0,52.1,62.5,67.8,11.3,9.4,7.8,6.3,-10.8,-3.2,4.5,13.2,21.0,-33.6,-25.6,-17.0,-9.9,-18.3,-26.8,27.5,36.4,45.1,51.8,44.5,36.0,-30.3,-18.3,-5.8,2.5,12.3,25.1,36.6,23.2,9.5,-1.0,-10.1,-21.6,-26.3,-6.3,2.2,12.1,32.0,10.9,0.6,-8.1,-24.1,-2.8,18.6,39.8,59.3,77.3,92.5,104.4,109.0,107.0,96.7,83.4,67.5,50.6,33.3,16.6,0.0,-38.1,-47.3,-51.0,-49.2,-43.3,-39.5,-41.4,-39.3,-33.4,-23.6,-19.0,-6.5,5.5,17.9,24.7,28.1,31.8,30.0,28.2,-19.2,-22.2,-20.9,-15.8,-15.2,-16.2,-10.8,-13.7,-12.4,-7.7,-6.8,-7.9,45.6,41.1,40.7,43.4,42.9,46.2,52.8,64.9,69.2,69.3,67.4,60.4,47.0,46.9,48.7,48.7,53.4,60.6,61.0,59.2,1255.8,1257.2,1258.3,1256.9,1250.1,1241.6,1232.4,1219.8,1216.3,1219.4,1228.0,1233.3,1231.3,1228.1,1226.6,1230.2,1235.3,1214.7,1209.3,1201.5,1194.0,1189.2,1187.2,1192.8,1198.4,1203.9,1208.9,1189.9,1183.2,1176.7,1170.8,1190.9,1185.9,1181.7,1182.6,1185.2,1207.0,1203.3,1201.9,1200.4,1200.9,1202.2,1200.3,1201.0,1200.8,1203.1,1199.6,1199.4,1214.7,1197.7,1188.1,1186.3,1186.7,1194.5,1211.1,1199.1,1190.0,1188.2,1190.0,1199.0,1213.1,1190.5,1188.8,1189.6,1209.0,1192.2,1190.6,1192.6,2.488,0.1,0.11,0.105,654.989,416.934,-38.552,23.761,16.914,3.741,0.754,-2.926,-5.697,4.745,-11.765,4.271,-19.019000000000002,3.512,-3.2039999999999997,-0.21600000000000003,1.972,-3.8289999999999997,-5.6160000000000005,-1.5430000000000001,0.6970000000000001,-4.526,-1.139,1.37,3.293,-2.0780000000000003,-2.1109999999999998,0.971,0.040999999999999995,0.514,-0.20600000000000002,0.368,0.075,-0.519,0.305,-0.254,2.16,2.78,0.0,1.1,1.53,2.06,0.0,1.75,2.53,1.37,0.0,0.0,0.0,0.19,2.9,0.9,1.16,1.0,1.0,0.0,1.0,1.0,1.0,0.0,1.0,1.0,1.0,0.0,0.0,0.0,1.0,1.0,1.0,0.0,0.0
119,3.937,0.98,0.077409,0.220896,-0.9722209999999999,-0.175698,0.181418,-0.967583,-0.051,0.205,573.9,580.6,593.4,604.8,608.1,602.3,588.6,577.2,560.1,566.7,575.8,586.4,598.2,607.9,614.5,606.1,595.4,583.8,573.3,565.2,585.0,590.2,596.1,599.2,597.7,592.4,586.6,583.5,720.6,726.7,739.0,750.4,754.3,748.2,735.9,723.4,711.0,720.0,731.3,743.5,754.0,762.6,768.5,762.2,753.2,742.1,730.2,719.1,731.5,736.4,741.7,744.3,742.6,737.7,732.4,729.8,311.1,299.7,295.9,302.0,314.4,326.9,329.6,323.5,313.1,308.1,304.9,304.5,307.8,314.1,322.6,323.1,321.9,320.3,318.6,316.4,318.4,321.2,319.4,314.2,308.5,305.7,307.4,312.7,329.8,318.9,315.7,322.3,334.6,345.6,348.7,343.1,335.0,330.0,326.9,326.8,329.9,335.1,341.0,342.4,341.8,340.4,339.0,337.8,337.3,340.1,338.7,334.0,328.7,325.9,327.3,332.0,-24.3,-21.8,-17.1,-12.9,-11.7,-13.8,-18.8,-23.0,-29.5,-27.0,-23.6,-19.6,-15.3,-11.8,-9.3,-12.4,-16.4,-20.6,-24.5,-27.6,-20.2,-18.3,-16.1,-15.0,-15.6,-17.5,-19.6,-20.8,29.5,31.8,36.3,40.5,41.9,39.6,35.1,30.5,26.0,29.3,33.4,37.9,41.8,45.0,47.3,44.9,41.4,37.3,33.0,28.9,33.5,35.3,37.3,38.2,37.7,35.9,33.9,32.9,-18.0,-22.2,-23.6,-21.3,-16.7,-12.1,-11.1,-13.4,-17.3,-19.1,-20.2,-20.4,-19.1,-16.8,-13.7,-13.5,-14.0,-14.5,-15.2,-16.0,-15.3,-14.3,-14.9,-16.8,-18.9,-20.0,-19.3,-17.4,-11.0,-15.1,-16.2,-13.8,-9.3,-5.3,-4.1,-6.2,-9.2,-11.0,-12.1,-12.1,-11.0,-9.1,-7.0,-6.5,-6.7,-7.2,-7.7,-8.1,-8.3,-7.3,-7.8,-9.5,-11.5,-12.5,-12.0,-10.3,1102.4,1103.2,1103.0,1101.8,1100.3,1099.7,1099.8,1101.0,1107.5,1105.2,1102.3,1100.7,1100.1,1100.1,1100.6,1099.7,1099.1,1099.6,1101.6,1104.7,1102.0,1101.5,1101.3,1101.7,1102.4,1102.9,1103.1,1102.7,1098.2,1099.9,1101.0,1101.0,1099.8,1098.2,1097.0,1097.2,1098.6,1097.9,1097.6,1098.1,1099.7,1102.4,1105.0,1101.7,1098.5,1096.6,1096.4,1097.2,1099.0,1099.0,1099.5,1100.2,1100.7,1100.7,1100.2,1099.5,6.2,22.9,1198.0,0.08,0.096,0.105,496.7,493.5,493.9,498.6,513.3,538.0,563.7,594.4,636.6,681.4,722.1,757.9,785.3,804.4,817.2,827.3,834.9,527.6,550.2,579.0,609.3,636.7,708.8,741.3,771.2,796.8,809.2,669.3,664.7,660.8,657.3,613.4,632.8,652.5,674.6,694.3,557.0,576.8,598.2,616.0,595.0,573.7,709.3,731.7,753.3,769.8,751.9,730.7,565.9,595.0,626.3,647.1,671.9,703.9,731.3,698.7,664.8,638.4,615.5,586.8,575.7,625.0,646.3,671.3,720.2,668.1,642.5,620.4,302.7,353.6,404.6,455.1,502.4,546.7,585.2,616.8,629.1,623.5,596.7,563.1,524.7,483.5,441.3,400.0,359.4,266.1,242.9,232.9,236.8,251.4,260.7,256.3,261.9,277.3,302.2,312.5,343.9,374.7,406.6,422.6,431.6,441.1,436.7,431.7,312.4,304.9,308.1,320.7,322.4,319.8,333.1,325.9,329.2,341.0,343.3,340.4,472.9,463.3,463.0,470.1,468.8,476.4,491.1,523.0,535.0,535.4,530.4,511.5,476.6,478.4,483.3,483.2,492.8,513.0,514.1,509.3,-60.0,-61.4,-61.3,-59.2,-52.8,-42.2,-31.3,-18.5,-1.4,16.8,33.6,48.5,59.6,67.3,72.5,76.8,80.3,-45.5,-36.2,-24.4,-12.2,-1.3,27.2,40.3,52.4,62.9,68.2,11.6,9.7,8.2,6.7,-10.5,-2.8,4.9,13.6,21.4,-33.4,-25.3,-16.8,-9.6,-18.0,-26.6,27.7,36.7,45.3,52.1,44.7,36.3,-30.0,-17.9,-5.4,2.8,12.6,25.4,36.9,23.5,9.8,-0.6,-9.7,-21.3,-26.0,-6.0,2.5,12.4,32.3,11.2,1.0,-7.8,-24.0,-2.7,18.7,39.8,59.3,77.2,92.5,104.4,109.1,107.1,96.9,83.5,67.6,50.5,33.3,16.4,-0.2,-38.0,-47.2,-50.8,-49.0,-43.0,-39.3,-41.2,-39.2,-33.2,-23.3,-18.8,-6.3,5.7,18.2,24.8,28.3,31.9,30.2,28.3,-19.2,-22.1,-20.8,-15.7,-15.1,-16.1,-10.8,-13.6,-12.3,-7.6,-6.7,-7.8,45.7,41.2,40.8,43.5,43.0,46.3,52.9,65.1,69.4,69.5,67.6,60.5,47.1,47.0,48.8,48.8,53.5,60.8,61.1,59.3,1255.0,1256.4,1257.5,1256.1,1249.4,1241.0,1232.0,1219.4,1216.0,1219.2,1227.9,1233.3,1231.3,1228.1,1226.5,1230.0,1235.0,1213.8,1208.4,1200.5,1193.1,1188.3,1186.4,1192.1,1197.8,1203.5,1208.7,1189.2,1182.5,1176.0,1170.1,1190.2,1185.1,1181.0,1182.0,1184.7,1206.3,1202.6,1201.3,1199.8,1200.3,1201.5,1199.7,1200.6,1200.4,1202.7,1199.2,1198.9,1214.1,1197.1,1187.5,1185.7,1186.1,1194.1,1210.8,1198.6,1189.5,1187.6,1189.4,1198.4,1212.6,1189.9,1188.2,1189.0,1208.7,1191.7,1190.0,1192.0,2.489,0.10300000000000001,0.105,0.105,655.695,417.222,-37.973,23.77,17.2,4.2860000000000005,0.767,-2.815,-5.912999999999999,4.689,-11.832,3.964,-18.834,3.218,-3.426,-0.359,1.93,-3.722,-5.224,-1.8130000000000002,0.769,-4.539,-1.317,1.632,3.437,-2.086,-2.25,1.052,-0.001,0.478,-0.151,0.39,0.071,-0.531,0.335,-0.266,2.13,2.79,0.0,1.12,1.54,2.14,0.03,1.8,2.56,1.43,0.0,0.0,0.0,0.19,2.94,0.92,1.18,1.0,1.0,0.0,1.0,1.0,1.0,0.0,1.0,1.0,1.0,0.0,0.0,0.0,1.0,1.0,1.0,0.0,0.0
120,3.971,0.98,0.076791,0.22321100000000002,-0.971741,-0.172281,0.18793900000000002,-0.9669530000000001,-0.049,0.209,574.5,581.4,594.3,605.6,608.8,602.6,588.9,577.6,560.7,567.4,576.4,587.1,598.9,608.6,615.1,606.7,595.9,584.3,573.9,565.8,585.5,590.7,596.6,599.7,598.3,593.2,587.3,584.1,721.3,727.3,739.6,751.0,754.9,748.9,736.6,724.2,711.4,720.5,731.8,744.0,754.6,763.2,769.4,762.9,753.7,742.5,730.7,719.6,732.1,737.1,742.4,745.0,743.3,738.4,733.0,730.4,311.1,299.7,296.1,302.4,314.9,327.4,329.9,323.6,313.3,308.4,305.2,304.8,308.0,314.3,322.8,323.3,322.1,320.5,318.8,316.6,318.5,321.4,319.8,314.6,308.9,306.0,307.6,312.8,330.3,319.4,316.2,322.7,335.0,345.9,349.0,343.5,335.5,330.5,327.4,327.2,330.2,335.5,341.3,342.5,341.9,340.5,339.1,338.1,337.7,340.5,339.2,334.4,329.1,326.3,327.7,332.4,-24.1,-21.5,-16.8,-12.6,-11.4,-13.7,-18.7,-22.9,-29.2,-26.7,-23.3,-19.4,-15.1,-11.5,-9.1,-12.2,-16.1,-20.4,-24.2,-27.3,-20.0,-18.1,-15.9,-14.8,-15.3,-17.2,-19.4,-20.5,29.7,32.0,36.5,40.7,42.1,39.8,35.3,30.7,26.1,29.4,33.5,38.0,41.9,45.2,47.6,45.1,41.6,37.4,33.1,29.1,33.7,35.5,37.5,38.5,37.9,36.0,34.1,33.1,-18.0,-22.2,-23.5,-21.1,-16.5,-11.9,-11.0,-13.4,-17.2,-19.0,-20.1,-20.2,-19.0,-16.7,-13.6,-13.4,-13.9,-14.5,-15.1,-16.0,-15.2,-14.2,-14.8,-16.7,-18.8,-19.8,-19.2,-17.3,-10.9,-14.9,-16.1,-13.7,-9.2,-5.2,-4.0,-6.0,-9.0,-10.8,-11.9,-12.0,-10.9,-9.0,-6.9,-6.4,-6.6,-7.1,-7.6,-8.0,-8.2,-7.1,-7.6,-9.4,-11.3,-12.4,-11.8,-10.1,1101.1,1101.9,1101.7,1100.4,1098.9,1098.2,1098.3,1099.6,1106.0,1103.7,1100.8,1099.2,1098.6,1098.6,1099.0,1098.1,1097.6,1098.0,1100.1,1103.2,1100.6,1100.1,1099.9,1100.3,1101.0,1101.6,1101.7,1101.3,1096.9,1098.6,1099.7,1099.7,1098.4,1096.8,1095.6,1095.8,1097.3,1096.5,1096.2,1096.6,1098.3,1101.0,1103.7,1100.2,1097.1,1095.2,1095.0,1095.9,1097.6,1097.6,1098.1,1098.8,1099.3,1099.4,1098.9,1098.1,6.4,23.0,1198.3,0.085,0.096,0.105,497.1,493.9,494.3,498.8,513.2,537.7,563.6,594.6,637.4,682.7,723.7,759.4,786.4,805.1,817.7,827.6,835.2,528.2,550.9,579.7,609.9,637.3,709.5,742.0,771.9,797.3,809.7,669.9,665.3,661.5,658.0,614.2,633.6,653.2,675.2,694.7,557.6,577.4,598.7,616.6,595.6,574.4,709.9,732.3,753.8,770.4,752.5,731.3,566.4,595.5,626.8,647.7,672.6,704.6,731.8,699.5,665.6,639.0,616.1,587.2,576.1,625.5,646.9,672.0,720.7,668.9,643.1,620.9,302.7,353.4,404.2,454.5,501.8,546.2,584.8,616.6,628.9,623.1,595.9,562.1,523.7,482.5,440.7,399.7,359.6,265.9,243.1,233.3,237.3,251.9,261.3,256.7,262.2,277.5,302.1,313.0,344.3,375.0,406.8,422.9,431.9,441.4,437.0,432.0,312.6,305.2,308.4,320.9,322.6,320.1,333.4,326.2,329.5,341.2,343.6,340.7,473.2,463.5,463.3,470.4,469.1,476.6,491.3,523.1,535.3,535.8,530.8,511.8,476.8,478.8,483.6,483.5,492.9,513.2,514.4,509.6,-59.8,-61.2,-61.1,-59.1,-52.8,-42.3,-31.4,-18.4,-1.1,17.4,34.3,49.1,60.1,67.6,72.6,76.9,80.4,-45.2,-35.9,-24.1,-12.0,-1.1,27.5,40.5,52.7,63.1,68.4,11.8,10.0,8.4,7.0,-10.3,-2.5,5.2,13.9,21.6,-33.1,-25.1,-16.5,-9.4,-17.8,-26.3,27.9,36.9,45.6,52.3,45.0,36.5,-29.8,-17.8,-5.2,3.1,12.9,25.7,37.1,23.8,10.1,-0.4,-9.5,-21.1,-25.8,-5.8,2.7,12.7,32.5,11.5,1.2,-7.6,-24.0,-2.7,18.5,39.6,59.1,77.1,92.3,104.3,109.0,107.0,96.6,83.1,67.2,50.2,33.0,16.3,-0.2,-38.1,-47.1,-50.7,-48.8,-42.8,-39.0,-41.0,-39.0,-33.1,-23.3,-18.6,-6.2,5.9,18.3,25.0,28.4,32.1,30.4,28.5,-19.1,-22.0,-20.7,-15.6,-14.9,-16.0,-10.6,-13.5,-12.2,-7.5,-6.6,-7.7,45.8,41.3,40.9,43.7,43.2,46.4,53.0,65.2,69.5,69.6,67.7,60.7,47.2,47.1,49.0,49.0,53.6,60.9,61.3,59.5,1255.2,1256.7,1257.8,1256.6,1250.0,1241.7,1232.6,1219.9,1216.3,1219.7,1228.5,1233.8,1231.8,1228.4,1226.8,1230.2,1235.1,1213.7,1208.2,1200.3,1192.9,1188.1,1186.2,1192.0,1197.8,1203.6,1208.9,1189.2,1182.6,1176.2,1170.4,1190.5,1185.6,1181.5,1182.4,1185.0,1206.4,1202.6,1201.3,1199.9,1200.4,1201.6,1199.9,1200.7,1200.6,1203.0,1199.5,1199.1,1214.4,1197.3,1187.8,1186.0,1186.5,1194.4,1211.1,1199.1,1190.0,1188.2,1189.9,1198.8,1212.8,1190.2,1188.6,1189.4,1209.0,1192.1,1190.5,1192.4,2.488,0.10800000000000001,0.105,0.10400000000000001,656.289,417.31699999999995,-37.76,24.263,16.854,3.7960000000000003,0.5770000000000001,-3.248,-6.187,4.678999999999999,-11.725999999999999,4.66,-18.442,2.8110000000000004,-3.615,-0.225,2.237,-3.67,-5.112,-1.6640000000000001,0.564,-4.669,-1.1159999999999999,1.6909999999999998,3.228,-2.178,-2.305,0.898,0.059000000000000004,0.51,-0.20800000000000002,0.363,0.131,-0.5770000000000001,0.345,-0.228,2.06,2.85,0.0,1.09,1.55,2.26,0.08,1.88,2.59,1.42,0.0,0.0,0.0,0.16,2.98,0.91,1.23,1.0,1.0,0.0,1.0,1.0,1.0,0.0,1.0,1.0,1.0,0.0,0.0,0.0,1.0,1.0,1.0,0.0,0.0
